rdiv,n,xysz,d,alg,avgtime,stdtime
2,16,rand,3,findpy,4.786014556884766e-5,7.348682006373615e-6
2,16,rand,3,minpy,6.472110748291015e-5,1.8024437500375922e-5
2,16,rand,3,jtbpy,0.011389284133911133,0.008052166522249165
2,16,rand,3,findjl,2.648996e-5,1.4983796140348085e-6
2,16,rand,3,minjl,3.42865e-5,6.337812206213157e-6
2,16,rand,3,findjs,0.000480353012084961,5.011831986128961e-5
2,16,rand,3,minjs,0.0005653211212158203,5.0914382425738376e-5
2,16,rand,3,ratio,0.56
2,16,rand,3,max,1.5714285714285714,1.8743605611587952
2,16,rand,3,min,0.10714285714285714,0.4162696521251859
2,16,rand,5,findpy,5.9189796447753904e-5,5.002225921524198e-6
2,16,rand,5,minpy,7.353305816650391e-5,2.326825588943174e-5
2,16,rand,5,jtbpy,0.01030813217163086,0.009844085492234707
2,16,rand,5,findjl,2.814646e-5,1.3233745549363798e-6
2,16,rand,5,minjl,3.416188e-5,6.886121735544232e-6
2,16,rand,5,findjs,0.0005255149841308594,7.11664248947409e-5
2,16,rand,5,minjs,0.0006037111663818359,0.00010415571627762122
2,16,rand,5,ratio,0.36
2,16,rand,5,max,0.16666666666666666,0.38348249442368526
2,16,rand,5,min,0.0,0.0
2,16,rand,10,findpy,7.029533386230468e-5,5.0869786317030406e-6
2,16,rand,10,minpy,8.506298065185546e-5,3.1891986555357966e-5
2,16,rand,10,jtbpy,0.01058183193206787,0.0019357462933465922
2,16,rand,10,findjl,2.9574640000000003e-5,1.4428871391507134e-6
2,16,rand,10,minjl,3.472112e-5,8.516603125755752e-6
2,16,rand,10,findjs,0.0006039775085449219,0.0001086812371088821
2,16,rand,10,minjs,0.0006444299316406251,4.5616802725731594e-5
2,16,rand,10,ratio,0.22
2,16,rand,10,max,0.0,0.0
2,16,rand,10,min,0.0,0.0
2,32,rand,3,findpy,6.044387817382813e-5,1.3041588342056518e-5
2,32,rand,3,minpy,9.013652801513672e-5,2.4679908945069204e-5
2,32,rand,3,jtbpy,0.05229137897491455,0.024754950603386474
2,32,rand,3,findjl,3.102582e-5,1.9518234560721596e-6
2,32,rand,3,minjl,4.283508e-5,6.525960496481163e-6
2,32,rand,3,findjs,0.0005088841247558594,4.193454572687181e-5
2,32,rand,3,minjs,0.0006682537078857422,9.119559982154165e-5
2,32,rand,3,ratio,0.82
2,32,rand,3,max,4.7560975609756095,3.5198045954632056
2,32,rand,3,min,0.024390243902439025,0.15617376188860604
2,32,rand,5,findpy,8.367061614990234e-5,1.5079869640517114e-5
2,32,rand,5,minpy,0.00011789798736572266,3.8507345848531016e-5
2,32,rand,5,jtbpy,0.05631368637084961,0.03279793869324493
2,32,rand,5,findjl,3.4082579999999996e-5,2.495292662807556e-6
2,32,rand,5,minjl,4.492126e-5,1.0670633894316242e-5
2,32,rand,5,findjs,0.0005945326232910156,8.162669940997061e-5
2,32,rand,5,minjs,0.0007094082641601562,6.901647870898297e-5
2,32,rand,5,ratio,0.56
2,32,rand,5,max,1.5357142857142858,2.4867373069671896
2,32,rand,5,min,0.03571428571428571,0.18898223650461368
2,32,rand,10,findpy,0.00010406970977783203,1.4342390042271587e-5
2,32,rand,10,minpy,0.00014413356781005859,6.302898113818394e-5
2,32,rand,10,jtbpy,0.09874440670013428,0.17020321671145558
2,32,rand,10,findjl,3.6346519999999996e-5,1.9628685718111856e-6
2,32,rand,10,minjl,4.800716e-5,1.5586488434826482e-5
2,32,rand,10,findjs,0.0006961213684082032,3.558046085297167e-5
2,32,rand,10,minjs,0.0007956517791748046,8.308395840184898e-5
2,32,rand,10,ratio,0.34
2,32,rand,10,max,0.058823529411764705,0.24253562503633297
2,32,rand,10,min,0.0,0.0
2,64,rand,3,findpy,7.576465606689452e-5,2.111544196241896e-5
2,64,rand,3,minpy,0.00011631011962890624,3.094142234192276e-5
2,64,rand,3,jtbpy,0.26269044876098635,0.08788629413138398
2,64,rand,3,findjl,3.77989e-5,4.4107103562735525e-6
2,64,rand,3,minjl,5.14822e-5,6.463013904881674e-6
2,64,rand,3,findjs,0.0005700175476074219,6.247021329458734e-5
2,64,rand,3,minjs,0.0007240731048583984,6.541539884030671e-5
2,64,rand,3,ratio,0.88
2,64,rand,3,max,15.295454545454545,7.893416584089481
2,64,rand,3,min,0.045454545454545456,0.3015113445777636
2,64,rand,5,findpy,0.00011610507965087891,2.0506288507302507e-5
2,64,rand,5,minpy,0.00016524791717529297,4.743206146456153e-5
2,64,rand,5,jtbpy,0.37424756526947023,0.19016088811126472
2,64,rand,5,findjl,4.428264e-5,2.4073924648880994e-6
2,64,rand,5,minjl,5.8283759999999996e-5,1.1397334533645873e-5
2,64,rand,5,findjs,0.0006984970855712891,4.667510083701981e-5
2,64,rand,5,minjs,0.0008307158660888672,7.34369792477409e-5
2,64,rand,5,ratio,0.6
2,64,rand,5,max,3.8333333333333335,3.1631862301225295
2,64,rand,5,min,0.0,0.0
2,64,rand,10,findpy,0.0001683664321899414,2.849645805403589e-5
2,64,rand,10,minpy,0.0002486562728881836,9.878177807047422e-5
2,64,rand,10,jtbpy,0.4689099025726318,0.1809611878538954
2,64,rand,10,findjl,5.064908e-5,3.806440020034789e-6
2,64,rand,10,minjl,7.122424000000001e-5,2.586034835818208e-5
2,64,rand,10,findjs,0.0009478638458251953,0.00018700859429918932
2,64,rand,10,minjs,0.0010239693450927734,8.725626047512261e-5
2,64,rand,10,ratio,0.42
2,64,rand,10,max,0.3333333333333333,0.7302967433402214
2,64,rand,10,min,0.0,0.0
2,128,rand,3,findpy,9.041786193847656e-5,2.8958662559642448e-5
2,128,rand,3,minpy,0.00013982295989990235,3.5453098102697475e-5
2,128,rand,3,jtbpy,1.3578356170654298,0.47373929549619276
2,128,rand,3,findjl,4.886642e-5,5.952091068297437e-6
2,128,rand,3,minjl,6.574252e-5,9.860551082087096e-6
2,128,rand,3,findjs,0.0006017822265625,7.44882821219875e-5
2,128,rand,3,minjs,0.0007789243316650389,0.00011548292805017958
2,128,rand,3,ratio,0.86
2,128,rand,3,max,43.97674418604651,11.730076060511376
2,128,rand,3,min,0.046511627906976744,0.30499714066520933
2,128,rand,5,findpy,0.00016784191131591797,4.510837880339212e-5
2,128,rand,5,minpy,0.00026068687438964846,8.866719649411552e-5
2,128,rand,5,jtbpy,2.2976090860366822,0.5122815547059522
2,128,rand,5,findjl,6.292504000000001e-5,6.818118125544434e-6
2,128,rand,5,minjl,8.744377999999998e-5,1.9622021362193227e-5
2,128,rand,5,findjs,0.0008646987152099609,0.00015642559609537173
2,128,rand,5,minjs,0.0010395592498779296,0.00011994836552848497
2,128,rand,5,ratio,0.76
2,128,rand,5,max,13.605263157894736,8.942880223151432
2,128,rand,5,min,0.07894736842105263,0.3587952022464204
2,128,rand,10,findpy,0.0002929067611694336,6.549344206581759e-5
2,128,rand,10,minpy,0.00048666954040527344,0.0002650675974792724
2,128,rand,10,jtbpy,2.000000411951082e7,1.414213556428332e8
2,128,rand,10,findjl,7.763926e-5,8.473039988416561e-6
2,128,rand,10,minjl,0.00012533759999999998,6.785416482698278e-5
2,128,rand,10,findjs,0.0012772792053222656,0.00017054854292692574
2,128,rand,10,minjs,0.0014250380706787107,0.00021165627182065936
2,128,rand,10,ratio,0.48
2,128,rand,10,max,5.291666666666667,14.973829827740964
2,128,rand,10,min,0.08333333333333333,0.40824829046386313
2,256,rand,3,findpy,0.00013240814208984375,4.500725448829223e-5
2,256,rand,3,minpy,0.00019394874572753907,5.631225303201845e-5
2,256,rand,3,jtbpy,7.114653081893921,3.0635232089572324
2,256,rand,3,findjl,7.062722e-5,9.659895449406757e-6
2,256,rand,3,minjl,9.00462e-5,1.2947397656735218e-5
2,256,rand,3,findjs,0.00074846923828125,0.0001095736675819233
2,256,rand,3,minjs,0.0009507704162597655,0.00016014338162673362
2,256,rand,3,ratio,0.96
2,256,rand,3,max,92.64583333333333,20.690721101892798
2,256,rand,3,min,0.0,0.0
2,256,rand,5,findpy,0.0002903270721435547,9.847080263211585e-5
2,256,rand,5,minpy,0.00040762901306152344,0.0001413405496778911
2,256,rand,5,jtbpy,15.929000906944275,3.6025132590279556
2,256,rand,5,findjl,9.684893999999999e-5,1.2117599629969827e-5
2,256,rand,5,minjl,0.00012728142,2.595510019880879e-5
2,256,rand,5,findjs,0.0010261971282958984,0.00021257219252187324
2,256,rand,5,minjs,0.0012821617126464846,0.00024925103901432
2,256,rand,5,ratio,0.82
2,256,rand,5,max,36.19512195121951,21.915998165946174
2,256,rand,5,min,0.024390243902439025,0.15617376188860604
2,256,rand,10,findpy,0.0005617475509643554,0.00011606692324509756
2,256,rand,10,minpy,0.0008614397048950195,0.0003095052005119638
2,256,rand,10,jtbpy,1.600000228418922e8,3.703280298387906e8
2,256,rand,10,findjl,0.0001292835,1.215073338216627e-5
2,256,rand,10,minjl,0.00019880950000000002,6.437801237944965e-5
2,256,rand,10,findjs,0.002240003433227539,0.0004763677350977089
2,256,rand,10,minjs,0.002450749664306641,0.0003649894401408732
2,256,rand,10,ratio,0.56
2,256,rand,10,max,4.214285714285714,7.627227751588593
2,256,rand,10,min,0.0,0.0
2,512,rand,3,findpy,0.00019833087921142578,6.472433349202284e-5
2,512,rand,3,minpy,0.0002873563766479492,7.516545490113251e-5
2,512,rand,3,jtbpy,5.200000090207713e8,5.0467204002000856e8
2,512,rand,3,findjl,0.00010505968,1.4560694284915657e-5
2,512,rand,3,minjl,0.00012764123999999997,1.6653358829634684e-5
2,512,rand,3,findjs,0.0007495516204833984,0.00011539092503264371
2,512,rand,3,minjs,0.0010247100067138674,0.000211390050541866
2,512,rand,3,ratio,0.96
2,512,rand,3,max,210.58333333333334,30.33489201824963
2,512,rand,3,min,0.020833333333333332,0.14433756729740646
2,512,rand,5,findpy,0.00047264575958251955,0.00019092719862503788
2,512,rand,5,minpy,0.0006572675704956055,0.0002651749433684519
2,512,rand,5,jtbpy,1.0e9,0.0
2,512,rand,5,findjl,0.00015457588,2.618578736771035e-5
2,512,rand,5,minjl,0.00019861747999999998,4.438758663494899e-5
2,512,rand,5,findjs,0.0015251509857177733,0.0006743681481843969
2,512,rand,5,minjs,0.0017170864868164062,0.0004494313900404837
2,512,rand,5,ratio,0.92
2,512,rand,5,max,98.3913043478261,46.75775788791967
2,512,rand,5,min,0.0,0.0
2,512,rand,10,findpy,0.001058526039123535,0.00023898777984967704
2,512,rand,10,minpy,0.0014673376083374024,0.000536290232141825
2,512,rand,10,jtbpy,1.0e9,0.0
2,512,rand,10,findjl,0.00021791642,2.4133601729800987e-5
2,512,rand,10,minjl,0.00031572936,0.00010246270239672182
2,512,rand,10,findjs,0.003469203414916992,0.0006949195307042459
2,512,rand,10,minjs,0.003771526641845703,0.0006937504776574104
2,512,rand,10,ratio,0.56
2,512,rand,10,max,13.107142857142858,15.71585490000767
2,512,rand,10,min,0.0,0.0
2,1024,rand,3,findpy,0.000313262939453125,6.698973905062096e-5
2,1024,rand,3,minpy,0.000448145866394043,8.592663225506305e-5
2,1024,rand,3,jtbpy,1.0e9,0.0
2,1024,rand,3,findjl,0.00018052906,2.291517775108178e-5
2,1024,rand,3,minjl,0.00020863412,2.900265564240345e-5
2,1024,rand,3,findjs,0.0010472897338867188,0.00012044099080359336
2,1024,rand,3,minjs,0.0013451814270019533,0.00013666894448084079
2,1024,rand,3,ratio,0.98
2,1024,rand,3,max,462.2448979591837,39.60772789296979
2,1024,rand,3,min,0.0,0.0
2,1024,rand,5,findpy,0.0007568454742431641,0.0002978746711907912
2,1024,rand,5,minpy,0.0010075569152832031,0.00034629364616447665
2,1024,rand,5,jtbpy,1.0e9,0.0
2,1024,rand,5,findjl,0.00025364692,4.272461877874848e-5
2,1024,rand,5,minjl,0.00032198131999999996,6.0326303569037554e-5
2,1024,rand,5,findjs,0.0020385314941406252,0.0006207402805850539
2,1024,rand,5,minjs,0.0024196728515625,0.0006688349256548588
2,1024,rand,5,ratio,0.94
2,1024,rand,5,max,250.46808510638297,106.64403427409087
2,1024,rand,5,min,0.0,0.0
2,1024,rand,10,findpy,0.0019002866744995117,0.0005134075713378884
2,1024,rand,10,minpy,0.0030021953582763674,0.0011657971407110885
2,1024,rand,10,jtbpy,1.0e9,0.0
2,1024,rand,10,findjl,0.00043253717999999997,6.588531622097877e-5
2,1024,rand,10,minjl,0.0006733008399999999,0.00022314195468276993
2,1024,rand,10,findjs,0.005549719390869141,0.001136918133033276
2,1024,rand,10,minjs,0.006031708602905274,0.0011255411661734867
2,1024,rand,10,ratio,0.68
2,1024,rand,10,max,46.470588235294116,91.06149613547635
2,1024,rand,10,min,0.029411764705882353,0.17149858514250885
2,2048,rand,3,findpy,0.0004906225204467774,5.604277887951482e-5
2,2048,rand,3,minpy,0.0007039403915405273,6.670940070310159e-5
2,2048,rand,3,jtbpy,1.0e9,0.0
2,2048,rand,3,findjl,0.00030717174,2.2509490629519102e-5
2,2048,rand,3,minjl,0.00034127184000000004,2.4663055000000737e-5
2,2048,rand,3,findjs,0.0015322642517089844,0.0001995278008811209
2,2048,rand,3,minjs,0.0020313672637939455,0.0002947403745005387
2,2048,rand,3,ratio,1.0
2,2048,rand,3,max,979.14,37.840163308099946
2,2048,rand,3,min,0.0,0.0
2,2048,rand,5,findpy,0.0011594486236572265,0.0004952910729377041
2,2048,rand,5,minpy,0.0015424394607543945,0.0005710268697579029
2,2048,rand,5,jtbpy,1.0e9,0.0
2,2048,rand,5,findjl,0.00046199276,8.845637915588562e-5
2,2048,rand,5,minjl,0.0005366354200000001,0.00011038968065090031
2,2048,rand,5,findjs,0.0028821952056884764,0.0010826336198028275
2,2048,rand,5,minjs,0.003499676895141601,0.0011030312659342572
2,2048,rand,5,ratio,0.94
2,2048,rand,5,max,645.3829787234042,173.40848396971083
2,2048,rand,5,min,0.02127659574468085,0.14586499149789456
2,2048,rand,10,findpy,0.0035995006561279296,0.0010630986675133087
2,2048,rand,10,minpy,0.005690007209777832,0.0020169417288673653
2,2048,rand,10,jtbpy,1.0e9,0.0
2,2048,rand,10,findjl,0.0008653977,0.0001534152454620253
2,2048,rand,10,minjl,0.0013301134800000002,0.00042967549051363434
2,2048,rand,10,findjs,0.008626601715087891,0.00185146726146804
2,2048,rand,10,minjs,0.009589746551513671,0.0017838880024044516
2,2048,rand,10,ratio,0.8
2,2048,rand,10,max,120.825,210.77499091417795
2,2048,rand,10,min,0.0,0.0
2,4096,rand,3,findpy,0.0009640884399414062,8.586844924133541e-5
2,4096,rand,3,minpy,0.00133056640625,9.63941117443829e-5
2,4096,rand,3,jtbpy,1.0e9,0.0
2,4096,rand,3,findjl,0.0005650946199999999,3.085258130297584e-5
2,4096,rand,3,minjl,0.00060380294,3.331531336653781e-5
2,4096,rand,3,findjs,0.0024706912994384767,0.0004572863109908962
2,4096,rand,3,minjs,0.0032512013244628906,0.00035614972698277736
2,4096,rand,3,ratio,1.0
2,4096,rand,3,max,1991.74,41.55144831582717
2,4096,rand,3,min,0.0,0.0
2,4096,rand,5,findpy,0.0020387077331542967,0.0008643488506086774
2,4096,rand,5,minpy,0.002757716178894043,0.0011445126683877608
2,4096,rand,5,jtbpy,1.0e9,0.0
2,4096,rand,5,findjl,0.00086680498,0.00018856529549609655
2,4096,rand,5,minjl,0.00099437058,0.00028813982362841815
2,4096,rand,5,findjs,0.005084027938842773,0.0019063350731532084
2,4096,rand,5,minjs,0.006187554168701171,0.0020199187791240707
2,4096,rand,5,ratio,0.98
2,4096,rand,5,max,1350.142857142857,397.9836680066156
2,4096,rand,5,min,0.10204081632653061,0.7142857142857139
2,4096,rand,10,findpy,0.006549677848815918,0.0016521426155025032
2,4096,rand,10,minpy,0.009573268890380859,0.0037991300139124857
2,4096,rand,10,jtbpy,1.0e9,0.0
2,4096,rand,10,findjl,0.0016741499799999998,0.00022670303632550592
2,4096,rand,10,minjl,0.00232551386,0.0007635298747380554
2,4096,rand,10,findjs,0.013705795440673829,0.00284748484531983
2,4096,rand,10,minjs,0.015573328933715823,0.0034783713884464877
2,4096,rand,10,ratio,0.72
2,4096,rand,10,max,206.22222222222223,222.72431532035438
2,4096,rand,10,min,0.1111111111111111,0.6666666666666666
2,8192,rand,3,findpy,0.0018079137802124022,0.00011343860101000421
2,8192,rand,3,minpy,0.0025165557861328127,0.00012327476662796533
2,8192,rand,3,jtbpy,1.0e9,0.0
2,8192,rand,3,findjl,0.00116459322,5.2843546070622086e-5
2,8192,rand,3,minjl,0.00118875662,5.398531503496189e-5
2,8192,rand,3,findjs,0.004685562744140625,0.0005060573340883671
2,8192,rand,3,minjs,0.006151346588134766,0.0005521443921000223
2,8192,rand,3,ratio,1.0
2,8192,rand,3,max,4013.96,70.36231598095732
2,8192,rand,3,min,0.0,0.0
2,8192,rand,5,findpy,0.003386082649230957,0.0013283503777515768
2,8192,rand,5,minpy,0.004282746315002441,0.0013939563041511836
2,8192,rand,5,jtbpy,1.0e9,0.0
2,8192,rand,5,findjl,0.0016234059600000001,0.00028032814323253823
2,8192,rand,5,minjl,0.0017003711999999999,0.0003031669403537077
2,8192,rand,5,findjs,0.008357271423339845,0.002159547248637539
2,8192,rand,5,minjs,0.010024682312011719,0.0024287050546895183
2,8192,rand,5,ratio,1.0
2,8192,rand,5,max,3153.14,557.0073098849836
2,8192,rand,5,min,0.0,0.0
2,8192,rand,10,findpy,0.013426537513732911,0.003700336141993651
2,8192,rand,10,minpy,0.018239355087280272,0.005953684952989863
2,8192,rand,10,jtbpy,1.0e9,0.0
2,8192,rand,10,findjl,0.003384115879999999,0.0005289560526618614
2,8192,rand,10,minjl,0.00446835694,0.001255167274022648
2,8192,rand,10,findjs,0.028107410583496095,0.005934177641034723
2,8192,rand,10,minjs,0.03064320411682129,0.0054663835603649584
2,8192,rand,10,ratio,0.7
2,8192,rand,10,max,610.0571428571428,594.5807689089031
2,8192,rand,10,min,0.02857142857142857,0.1690308509457033
2,16384,rand,3,findpy,0.003836760520935059,0.00013581058838305489
2,16384,rand,3,minpy,0.005174326896667481,0.00016419835151920464
2,16384,rand,3,jtbpy,1.0e9,0.0
2,16384,rand,3,findjl,0.0024158686600000002,6.328338548685554e-5
2,16384,rand,3,minjl,0.0024733005200000004,6.465797281906559e-5
2,16384,rand,3,findjs,0.009371424331665039,0.00047677658050429653
2,16384,rand,3,minjs,0.016354415512084962,0.0002719873036618114
2,16384,rand,3,ratio,1.0
2,16384,rand,3,max,8119.42,64.54964550401402
2,16384,rand,3,min,0.02,0.1414213562373095
2,16384,rand,5,findpy,0.005307068824768066,0.0012154993819284514
2,16384,rand,5,minpy,0.0068362998962402345,0.0012250911911195455
2,16384,rand,5,jtbpy,1.0e9,0.0
2,16384,rand,5,findjl,0.0029657874799999995,0.0003730755961754712
2,16384,rand,5,minjl,0.0030477768,0.0003791773886023075
2,16384,rand,5,findjs,0.011577597427368165,0.0017995878822195635
2,16384,rand,5,minjs,0.01761943717956543,0.0013600576998050505
2,16384,rand,5,ratio,1.0
2,16384,rand,5,max,7184.52,657.4764445225705
2,16384,rand,5,min,0.0,0.0
2,16384,rand,10,findpy,0.028343043327331542,0.009041798549555717
2,16384,rand,10,minpy,0.03930968284606934,0.014823584412977191
2,16384,rand,10,jtbpy,1.0e9,0.0
2,16384,rand,10,findjl,0.00704012678,0.001221671080901948
2,16384,rand,10,minjl,0.00920536926,0.0026925662783092177
2,16384,rand,10,findjs,0.052505247192382816,0.010898835377385922
2,16384,rand,10,minjs,0.05777928924560547,0.012086922611477846
2,16384,rand,10,ratio,0.94
2,16384,rand,10,max,1294.4893617021276,1021.5734426840833
2,16384,rand,10,min,0.0,0.0
2,32768,rand,3,findpy,0.006537961959838867,0.00024511971031848716
2,32768,rand,3,minpy,0.009312295913696289,0.00024033312478609798
2,32768,rand,3,jtbpy,1.0e9,0.0
2,32768,rand,3,findjl,0.004970670619999999,8.727429244976878e-5
2,32768,rand,3,minjl,0.004920360540000001,8.955067845302078e-5
2,32768,rand,3,findjs,0.014344976196289064,0.00039390251053851783
2,32768,rand,3,minjs,0.0206098819732666,0.00037054872331948575
2,32768,rand,3,ratio,1.0
2,32768,rand,3,max,16286.34,84.26818461777559
2,32768,rand,3,min,0.0,0.0
2,32768,rand,5,findpy,0.008413457870483398,0.002590230606896394
2,32768,rand,5,minpy,0.011485810279846192,0.002588165477948264
2,32768,rand,5,jtbpy,1.0e9,0.0
2,32768,rand,5,findjl,0.005620697020000001,0.0007145530245065431
2,32768,rand,5,minjl,0.0055947908999999995,0.0006928495039336554
2,32768,rand,5,findjs,0.01841994041442871,0.00586825697079044
2,32768,rand,5,minjs,0.025041210403442385,0.006093288795518947
2,32768,rand,5,ratio,1.0
2,32768,rand,5,max,15284.52,1089.5782041033783
2,32768,rand,5,min,0.0,0.0
2,32768,rand,10,findpy,0.05409745693206787,0.017486326113560758
2,32768,rand,10,minpy,0.07134955406188964,0.021839038889261676
2,32768,rand,10,jtbpy,1.0e9,0.0
2,32768,rand,10,findjl,0.01340482386,0.00262213293807132
2,32768,rand,10,minjl,0.016648858359999998,0.0044803443503387275
2,32768,rand,10,findjs,0.10773560684204103,0.029854959895895587
2,32768,rand,10,minjs,0.12454876815795898,0.03217951654470872
2,32768,rand,10,ratio,0.98
2,32768,rand,10,max,3678.122448979592,2535.633012949734
2,32768,rand,10,min,0.04081632653061224,0.28571428571428575
2,65536,rand,3,findpy,0.01328615665435791,0.00023210589250126235
2,65536,rand,3,minpy,0.01909608840942383,0.0002403057787048114
2,65536,rand,3,jtbpy,1.0e9,0.0
2,65536,rand,3,findjl,0.00966593756,0.0001350387821748694
2,65536,rand,3,minjl,0.00993834674,0.00016150701407739634
2,65536,rand,3,findjs,0.0248053515625,0.0020351673983326677
2,65536,rand,3,minjs,0.036103274154663086,0.0022054288176592894
2,65536,rand,3,ratio,1.0
2,65536,rand,3,max,32699.26,92.17038569952932
2,65536,rand,3,min,0.0,0.0
2,65536,rand,5,findpy,0.016450953483581544,0.0038706769448092256
2,65536,rand,5,minpy,0.022534956932067873,0.003814418011355972
2,65536,rand,5,jtbpy,1.0e9,0.0
2,65536,rand,5,findjl,0.010869503400000001,0.0012750854261654114
2,65536,rand,5,minjl,0.011161781340000001,0.0011872770482485803
2,65536,rand,5,findjs,0.032642246170043944,0.009247676259906279
2,65536,rand,5,minjs,0.04418624153137207,0.009859404264755773
2,65536,rand,5,ratio,1.0
2,65536,rand,5,max,31174.46,1814.2540965748915
2,65536,rand,5,min,0.0,0.0
2,65536,rand,10,findpy,0.10930147647857666,0.04122496547100919
2,65536,rand,10,minpy,0.13140248775482177,0.04676379643553343
2,65536,rand,10,jtbpy,1.0e9,0.0
2,65536,rand,10,findjl,0.030106726799999997,0.00823816875735286
2,65536,rand,10,minjl,0.03400869454,0.009791880293807807
2,65536,rand,10,findjs,0.2519861289215088,0.08918750064520047
2,65536,rand,10,minjs,0.27018649253845217,0.09128673938816882
2,65536,rand,10,ratio,0.96
2,65536,rand,10,max,8534.291666666666,6071.45916058508
2,65536,rand,10,min,0.020833333333333332,0.14433756729740646
2,131072,rand,3,findpy,0.02701775550842285,0.0005433484455763961
2,131072,rand,3,minpy,0.03877262115478516,0.0006917909751553511
2,131072,rand,3,jtbpy,1.0e9,0.0
2,131072,rand,3,findjl,0.02025330716,0.0002809686233694009
2,131072,rand,3,minjl,0.020631474479999995,0.00023407315890404008
2,131072,rand,3,findjs,0.057524153366088855,0.009301528826072646
2,131072,rand,3,minjs,0.08003374595642089,0.010552454782363595
2,131072,rand,3,ratio,1.0
2,131072,rand,3,max,65444.56,87.45334849658592
2,131072,rand,3,min,0.0,0.0
2,131072,rand,5,findpy,0.03157143115997314,0.004493502127789919
2,131072,rand,5,minpy,0.04231344223022461,0.004366466790274231
2,131072,rand,5,jtbpy,1.0e9,0.0
2,131072,rand,5,findjl,0.021473635199999997,0.0014673309212140172
2,131072,rand,5,minjl,0.02190528004,0.0013766133567881984
2,131072,rand,5,findjs,0.07407777717590332,0.013216308430417286
2,131072,rand,5,minjs,0.09708667816162109,0.0135204681064299
2,131072,rand,5,ratio,1.0
2,131072,rand,5,max,63705.0,1874.727278125258
2,131072,rand,5,min,0.0,0.0
2,131072,rand,10,findpy,0.23025614738464356,0.09794662345112903
2,131072,rand,10,minpy,0.2714554214477539,0.11893669993404969
2,131072,rand,10,jtbpy,1.0e9,0.0
2,131072,rand,10,findjl,0.06268881932,0.01911448105150354
2,131072,rand,10,minjl,0.0716894119,0.02895024853517824
2,131072,rand,10,findjs,0.5121422137451171,0.20762281993555426
2,131072,rand,10,minjs,0.5481645236968994,0.208064111515611
2,131072,rand,10,ratio,0.96
2,131072,rand,10,max,22052.333333333332,14681.743557443202
2,131072,rand,10,min,0.10416666666666667,0.472187455263057
4,16,rand,3,findpy,4.916667938232422e-5,6.816435092878756e-6
4,16,rand,3,minpy,6.582260131835937e-5,1.8981781254946915e-5
4,16,rand,3,jtbpy,0.005944881439208984,0.003174610253244157
4,16,rand,3,findjl,2.734256e-5,1.4630319672320413e-6
4,16,rand,3,minjl,3.433658e-5,6.283763265685912e-6
4,16,rand,3,findjs,0.00048253921508789057,2.656539285327847e-5
4,16,rand,3,minjs,0.0005930714416503905,0.00012438599169863583
4,16,rand,3,ratio,0.54
4,16,rand,3,max,0.8888888888888888,0.8915558282417285
4,16,rand,3,min,0.0,0.0
4,16,rand,5,findpy,5.63669204711914e-5,6.820824508495931e-6
4,16,rand,5,minpy,7.052421569824219e-5,2.3313725801090014e-5
4,16,rand,5,jtbpy,0.00648308277130127,0.005401556005904133
4,16,rand,5,findjl,2.8591199999999998e-5,1.2353166825241408e-6
4,16,rand,5,minjl,3.483384e-5,7.387866766640602e-6
4,16,rand,5,findjs,0.0005194228363037109,7.076084977261676e-5
4,16,rand,5,minjs,0.000615656967163086,0.0001295345192118796
4,16,rand,5,ratio,0.36
4,16,rand,5,max,0.1111111111111111,0.32338083338177726
4,16,rand,5,min,0.0,0.0
4,16,rand,10,findpy,6.838321685791015e-5,7.68223081998528e-6
4,16,rand,10,minpy,8.216381072998047e-5,3.0965877626812985e-5
4,16,rand,10,jtbpy,0.007377381324768066,0.005613174645206596
4,16,rand,10,findjl,3.0356180000000005e-5,1.5588946331111855e-6
4,16,rand,10,minjl,3.562298e-5,8.700587243821358e-6
4,16,rand,10,findjs,0.0005815367889404296,2.8085652573502725e-5
4,16,rand,10,minjs,0.0006607601165771485,0.00011994346265177635
4,16,rand,10,ratio,0.22
4,16,rand,10,max,0.0,0.0
4,16,rand,10,min,0.0,0.0
4,32,rand,3,findpy,6.337165832519532e-5,1.263503707298451e-5
4,32,rand,3,minpy,9.197235107421875e-5,2.3318181799318976e-5
4,32,rand,3,jtbpy,0.02535951614379883,0.008088820040341085
4,32,rand,3,findjl,3.134006e-5,2.0164449258989625e-6
4,32,rand,3,minjl,4.252782e-5,6.95840052783068e-6
4,32,rand,3,findjs,0.0004963771820068359,3.206153735128101e-5
4,32,rand,3,minjs,0.0006407807159423828,0.0001064217353721794
4,32,rand,3,ratio,0.72
4,32,rand,3,max,2.888888888888889,1.7853015396009682
4,32,rand,3,min,0.027777777777777776,0.16666666666666666
4,32,rand,5,findpy,7.965087890625e-5,1.2643741687893379e-5
4,32,rand,5,minpy,0.00010421276092529297,2.8852176482653674e-5
4,32,rand,5,jtbpy,0.030596251487731933,0.013060068103748901
4,32,rand,5,findjl,3.3928300000000005e-5,2.141778064018353e-6
4,32,rand,5,minjl,4.230330000000001e-5,8.499449831534715e-6
4,32,rand,5,findjs,0.0005747538757324219,8.328538258225413e-5
4,32,rand,5,minjs,0.0006769817352294921,8.88232050078537e-5
4,32,rand,5,ratio,0.48
4,32,rand,5,max,1.0416666666666667,1.2328534123049197
4,32,rand,5,min,0.041666666666666664,0.20412414523193156
4,32,rand,10,findpy,0.0001056671142578125,1.5493501792022988e-5
4,32,rand,10,minpy,0.00013116836547851562,5.239165970853589e-5
4,32,rand,10,jtbpy,0.056422610282897946,0.08651798718475388
4,32,rand,10,findjl,3.814764e-5,4.421298939987512e-6
4,32,rand,10,minjl,4.367252e-5,1.2398959922213358e-5
4,32,rand,10,findjs,0.0007262310028076173,0.00010897200410870334
4,32,rand,10,minjs,0.0007857674407958984,6.917334658815014e-5
4,32,rand,10,ratio,0.22
4,32,rand,10,max,0.09090909090909091,0.30151134457776363
4,32,rand,10,min,0.0,0.0
4,64,rand,3,findpy,7.854461669921875e-5,1.9506790032080286e-5
4,64,rand,3,minpy,0.00011631488800048828,3.1501390883264215e-5
4,64,rand,3,jtbpy,0.13102677822113037,0.02991904804550776
4,64,rand,3,findjl,3.68053e-5,2.9318110322071286e-6
4,64,rand,3,minjl,4.99582e-5,8.05329168598728e-6
4,64,rand,3,findjs,0.0005819478607177735,4.48196825084777e-5
4,64,rand,3,minjs,0.0007345214080810548,0.00010396072509079797
4,64,rand,3,ratio,0.72
4,64,rand,3,max,7.555555555555555,3.4512477614786095
4,64,rand,3,min,0.027777777777777776,0.16666666666666666
4,64,rand,5,findpy,0.00011417388916015625,2.577710784514699e-5
4,64,rand,5,minpy,0.0001605558395385742,5.349025983132319e-5
4,64,rand,5,jtbpy,0.1802816390991211,0.06515824760339917
4,64,rand,5,findjl,4.382274e-5,4.862486521926654e-6
4,64,rand,5,minjl,5.5540999999999996e-5,1.2543491669599264e-5
4,64,rand,5,findjs,0.000691968765258789,5.226891030525959e-5
4,64,rand,5,minjs,0.0008137639617919923,8.132163420536493e-5
4,64,rand,5,ratio,0.56
4,64,rand,5,max,2.5357142857142856,2.574549839934523
4,64,rand,5,min,0.03571428571428571,0.18898223650461365
4,64,rand,10,findpy,0.00016364574432373047,2.7674371687220864e-5
4,64,rand,10,minpy,0.00025711536407470705,0.00011902685306228895
4,64,rand,10,jtbpy,0.3337822151184082,0.3597487212236761
4,64,rand,10,findjl,4.9881019999999994e-5,3.998756196874325e-6
4,64,rand,10,minjl,7.160456e-5,2.6539964818702367e-5
4,64,rand,10,findjs,0.0009313906097412109,8.01143185287252e-5
4,64,rand,10,minjs,0.0010321680450439451,0.00010777841920472178
4,64,rand,10,ratio,0.42
4,64,rand,10,max,0.23809523809523808,0.768424485864545
4,64,rand,10,min,0.0,0.0
4,128,rand,3,findpy,9.001731872558594e-5,2.511009465901296e-5
4,128,rand,3,minpy,0.00014390945434570313,4.029062367135753e-5
4,128,rand,3,jtbpy,0.6540144491195679,0.2595350483664842
4,128,rand,3,findjl,4.677054e-5,4.687889987956594e-6
4,128,rand,3,minjl,6.383176e-5,8.860413855815457e-6
4,128,rand,3,findjs,0.0006411894989013672,5.605091145570855e-5
4,128,rand,3,minjs,0.0007913719177246095,6.802043890824986e-5
4,128,rand,3,ratio,0.88
4,128,rand,3,max,19.59090909090909,5.5502699780058125
4,128,rand,3,min,0.0,0.0
4,128,rand,5,findpy,0.0001728677749633789,4.3470453948290696e-5
4,128,rand,5,minpy,0.00026535511016845704,7.471322929382414e-5
4,128,rand,5,jtbpy,1.1731615829467774,0.24863439160136203
4,128,rand,5,findjl,6.0937720000000006e-5,6.046500121220404e-6
4,128,rand,5,minjl,8.45507e-5,1.561874576773509e-5
4,128,rand,5,findjs,0.000882261962890625,9.346727016905516e-5
4,128,rand,5,minjs,0.0010622418212890624,0.00011284329317584146
4,128,rand,5,ratio,0.78
4,128,rand,5,max,6.230769230769231,5.41664849991763
4,128,rand,5,min,0.02564102564102564,0.16012815380508713
4,128,rand,10,findpy,0.0002795553207397461,5.34573523806495e-5
4,128,rand,10,minpy,0.00040233612060546875,0.00017497163332249083
4,128,rand,10,jtbpy,2.898255982398987,4.674780298906248
4,128,rand,10,findjl,7.597432e-5,6.903901279356625e-6
4,128,rand,10,minjl,0.00010402698000000002,3.776384816871549e-5
4,128,rand,10,findjs,0.0012161370849609375,0.00014021491714614584
4,128,rand,10,minjs,0.001362715606689453,0.00015249653012653377
4,128,rand,10,ratio,0.4
4,128,rand,10,max,1.25,2.653200649067184
4,128,rand,10,min,0.0,0.0
4,256,rand,3,findpy,0.00012207508087158203,4.455691892714361e-5
4,256,rand,3,minpy,0.00018899917602539063,6.146548854338624e-5
4,256,rand,3,jtbpy,2.9862389945983887,1.5710103852231327
4,256,rand,3,findjl,6.35162e-5,1.1030366898628866e-5
4,256,rand,3,minjl,8.386088e-5,1.4606705198668739e-5
4,256,rand,3,findjs,0.0006540239715576171,0.00010144022728184564
4,256,rand,3,minjs,0.0008312715911865234,0.00011768486052340991
4,256,rand,3,ratio,0.94
4,256,rand,3,max,48.08510638297872,9.95605515390343
4,256,rand,3,min,0.0,0.0
4,256,rand,5,findpy,0.00027871131896972656,8.654579006667535e-5
4,256,rand,5,minpy,0.00043404579162597656,0.0001482995966182987
4,256,rand,5,jtbpy,7.5966919946670535,1.982881705558969
4,256,rand,5,findjl,9.074662e-5,1.176955823887912e-5
4,256,rand,5,minjl,0.00012923622,3.16883737498439e-5
4,256,rand,5,findjs,0.001033561019897461,0.00017662567883761857
4,256,rand,5,minjs,0.001249154586791992,0.00017936423439541356
4,256,rand,5,ratio,0.82
4,256,rand,5,max,17.78048780487805,11.617900402228344
4,256,rand,5,min,0.04878048780487805,0.21808478995509087
4,256,rand,10,findpy,0.0005486726760864258,0.00010760872827088589
4,256,rand,10,minpy,0.0008473539352416992,0.0002797795515679819
4,256,rand,10,jtbpy,2.0000013956109952e7,1.4142135422333807e8
4,256,rand,10,findjl,0.00012469244,1.044364874498235e-5
4,256,rand,10,minjl,0.00019090912,6.119632214560423e-5
4,256,rand,10,findjs,0.0021060591888427734,0.0003329071090590457
4,256,rand,10,minjs,0.002373728485107422,0.00032560997643130086
4,256,rand,10,ratio,0.56
4,256,rand,10,max,2.5357142857142856,5.022041364913225
4,256,rand,10,min,0.0,0.0
4,512,rand,3,findpy,0.00020807266235351563,6.355282572080974e-5
4,512,rand,3,minpy,0.00030397415161132813,8.129472035089163e-5
4,512,rand,3,jtbpy,1.0000001190768978e8,3.030457593561356e8
4,512,rand,3,findjl,9.747663999999999e-5,1.485225677177357e-5
4,512,rand,3,minjl,0.0001216135,2.0255933245418666e-5
4,512,rand,3,findjs,0.0007742599487304689,0.00015911226011214508
4,512,rand,3,minjs,0.0009586404418945312,0.00013576864986721002
4,512,rand,3,ratio,0.96
4,512,rand,3,max,105.04166666666667,16.44586002788354
4,512,rand,3,min,0.0,0.0
4,512,rand,5,findpy,0.0004780483245849609,0.00015379328504987964
4,512,rand,5,minpy,0.0006670713424682617,0.00016076176745192318
4,512,rand,5,jtbpy,8.200000037213968e8,3.8808792646810824e8
4,512,rand,5,findjl,0.00014887471999999998,2.413756041224328e-5
4,512,rand,5,minjl,0.00019371510000000002,2.9164191192772196e-5
4,512,rand,5,findjs,0.0014954048919677736,0.00040434634627161157
4,512,rand,5,minjs,0.0017498302459716796,0.0003180090428227516
4,512,rand,5,ratio,0.9
4,512,rand,5,max,48.84444444444444,20.846795650384475
4,512,rand,5,min,0.0,0.0
4,512,rand,10,findpy,0.0010898303985595703,0.00020010369795093146
4,512,rand,10,minpy,0.0016937494277954102,0.0006062764344350133
4,512,rand,10,jtbpy,1.0e9,0.0
4,512,rand,10,findjl,0.00021554777999999996,2.0630719197935917e-5
4,512,rand,10,minjl,0.00035344818,0.00012480334600559165
4,512,rand,10,findjs,0.0035838704681396484,0.0006296936173955264
4,512,rand,10,minjs,0.004005781173706055,0.000674518425817426
4,512,rand,10,ratio,0.62
4,512,rand,10,max,4.161290322580645,7.071523995073709
4,512,rand,10,min,0.0,0.0
4,1024,rand,3,findpy,0.00029868602752685546,8.277255695954935e-5
4,1024,rand,3,minpy,0.00042145252227783204,9.184834485351455e-5
4,1024,rand,3,jtbpy,1.0e9,0.0
4,1024,rand,3,findjl,0.00014862288,1.77032264160047e-5
4,1024,rand,3,minjl,0.00017516043999999997,2.1950266748562788e-5
4,1024,rand,3,findjs,0.0010037218475341797,0.00014324618584764695
4,1024,rand,3,minjs,0.0012546315002441406,0.00015224307051647117
4,1024,rand,3,ratio,1.0
4,1024,rand,3,max,230.28,20.46404512448951
4,1024,rand,3,min,0.0,0.0
4,1024,rand,5,findpy,0.0007414913177490234,0.00029690446855147785
4,1024,rand,5,minpy,0.0010170841217041016,0.0003988555073645367
4,1024,rand,5,jtbpy,1.0e9,0.0
4,1024,rand,5,findjl,0.00023302582000000002,4.772316310559971e-5
4,1024,rand,5,minjl,0.00030932736,7.756504388346123e-5
4,1024,rand,5,findjs,0.0019639485168457035,0.0006423657125676969
4,1024,rand,5,minjs,0.002307201080322266,0.0007136810175279589
4,1024,rand,5,ratio,0.96
4,1024,rand,5,max,123.70833333333333,52.587498851542584
4,1024,rand,5,min,0.020833333333333332,0.14433756729740646
4,1024,rand,10,findpy,0.002031841278076172,0.0004750148961401995
4,1024,rand,10,minpy,0.0030796146392822266,0.0009877532247282337
4,1024,rand,10,jtbpy,1.0e9,0.0
4,1024,rand,10,findjl,0.00042545304000000006,5.389317932534957e-5
4,1024,rand,10,minjl,0.0006568632199999999,0.00020885190110183
4,1024,rand,10,findjs,0.005692177047729492,0.0009170794644952145
4,1024,rand,10,minjs,0.006206216583251953,0.0008129953294492078
4,1024,rand,10,ratio,0.66
4,1024,rand,10,max,18.666666666666668,32.3203367350445
4,1024,rand,10,min,0.030303030303030304,0.17407765595569785
4,2048,rand,3,findpy,0.000557107925415039,9.670099360315766e-5
4,2048,rand,3,minpy,0.0007907533645629882,0.0001064141833523501
4,2048,rand,3,jtbpy,1.0e9,0.0
4,2048,rand,3,findjl,0.00026824342,2.85775692387493e-5
4,2048,rand,3,minjl,0.00030065266,3.087334653433248e-5
4,2048,rand,3,findjs,0.0014629640197753907,0.00019988953389963704
4,2048,rand,3,minjs,0.0018101116180419925,0.00026961013627683746
4,2048,rand,3,ratio,1.0
4,2048,rand,3,max,466.28,30.10257294583278
4,2048,rand,3,min,0.0,0.0
4,2048,rand,5,findpy,0.0011872482299804688,0.0004335969384396889
4,2048,rand,5,minpy,0.001539921760559082,0.00047929736671745426
4,2048,rand,5,jtbpy,1.0e9,0.0
4,2048,rand,5,findjl,0.00041921224,8.844922078995036e-5
4,2048,rand,5,minjl,0.0004896889,9.981713990362986e-5
4,2048,rand,5,findjs,0.002841405181884766,0.0010048178397702233
4,2048,rand,5,minjs,0.0032594828033447264,0.0010172018014663387
4,2048,rand,5,ratio,0.94
4,2048,rand,5,max,301.70212765957444,86.50833458052695
4,2048,rand,5,min,0.0,0.0
4,2048,rand,10,findpy,0.0035877132415771482,0.0010061604203232277
4,2048,rand,10,minpy,0.0054643011093139645,0.001832247011434819
4,2048,rand,10,jtbpy,1.0e9,0.0
4,2048,rand,10,findjl,0.00082220214,0.00013348880383518068
4,2048,rand,10,minjl,0.00122616686,0.0003931191173997307
4,2048,rand,10,findjs,0.00849427993774414,0.0013351093069980267
4,2048,rand,10,minjs,0.009512563400268556,0.0016690380213370422
4,2048,rand,10,ratio,0.76
4,2048,rand,10,max,50.21052631578947,62.82801832146221
4,2048,rand,10,min,0.0,0.0
4,4096,rand,3,findpy,0.0008811712265014649,8.987468876560233e-5
4,4096,rand,3,minpy,0.0012687206268310546,0.00010445095243513218
4,4096,rand,3,jtbpy,1.0e9,0.0
4,4096,rand,3,findjl,0.00046713336,3.161828066732205e-5
4,4096,rand,3,minjl,0.00049793452,3.5305941841507625e-5
4,4096,rand,3,findjs,0.002048471374511719,0.00027433933767239657
4,4096,rand,3,minjs,0.0025518361663818354,0.0002780164462977268
4,4096,rand,3,ratio,0.98
4,4096,rand,3,max,989.4081632653061,28.39448183431872
4,4096,rand,3,min,0.0,0.0
4,4096,rand,5,findpy,0.0019837236404418946,0.0008097531993025471
4,4096,rand,5,minpy,0.002579002380371094,0.0009039096574049266
4,4096,rand,5,jtbpy,1.0e9,0.0
4,4096,rand,5,findjl,0.00077484456,0.00017285684210294498
4,4096,rand,5,minjl,0.0008646575200000001,0.00020542080867354075
4,4096,rand,5,findjs,0.004992874755859375,0.001674958609689166
4,4096,rand,5,minjs,0.005608279266357421,0.0017122366818707632
4,4096,rand,5,ratio,1.0
4,4096,rand,5,max,663.54,166.37972428472534
4,4096,rand,5,min,0.0,0.0
4,4096,rand,10,findpy,0.006389803886413574,0.001724025272476891
4,4096,rand,10,minpy,0.010014200210571289,0.002818761018755606
4,4096,rand,10,jtbpy,1.0e9,0.0
4,4096,rand,10,findjl,0.0015622551800000002,0.000252186715469336
4,4096,rand,10,minjl,0.00231651012,0.0005667691366235873
4,4096,rand,10,findjs,0.013798327178955079,0.0033950075407752117
4,4096,rand,10,minjs,0.015605975036621094,0.0033082064820663523
4,4096,rand,10,ratio,0.84
4,4096,rand,10,max,123.92857142857143,155.02153947225668
4,4096,rand,10,min,0.0,0.0
4,8192,rand,3,findpy,0.0018282318115234375,0.0001574883422736087
4,8192,rand,3,minpy,0.002507009506225586,0.00013806743888704408
4,8192,rand,3,jtbpy,1.0e9,0.0
4,8192,rand,3,findjl,0.0009299233200000001,5.574232865951427e-5
4,8192,rand,3,minjl,0.0009622739600000001,5.105044134049766e-5
4,8192,rand,3,findjs,0.00415813003540039,0.0005254563594000485
4,8192,rand,3,minjs,0.005016743850708007,0.00047909156289834524
4,8192,rand,3,ratio,1.0
4,8192,rand,3,max,2005.12,41.37713062520781
4,8192,rand,3,min,0.0,0.0
4,8192,rand,5,findpy,0.003302931785583496,0.0011861156369619356
4,8192,rand,5,minpy,0.004184370040893555,0.001218726598522184
4,8192,rand,5,jtbpy,1.0e9,0.0
4,8192,rand,5,findjl,0.00136692806,0.00028950369613695004
4,8192,rand,5,minjl,0.00145081882,0.0003083073300556913
4,8192,rand,5,findjs,0.007863112869262697,0.0025469650685014185
4,8192,rand,5,minjs,0.008585031814575195,0.002467281427417164
4,8192,rand,5,ratio,0.96
4,8192,rand,5,max,1565.9583333333333,269.5567645056977
4,8192,rand,5,min,0.0,0.0
4,8192,rand,10,findpy,0.012719526290893554,0.0035907332241826876
4,8192,rand,10,minpy,0.017739095687866212,0.005769928748313005
4,8192,rand,10,jtbpy,1.0e9,0.0
4,8192,rand,10,findjl,0.0031051745600000004,0.0005755438071701268
4,8192,rand,10,minjl,0.004204104980000001,0.0011210430494644123
4,8192,rand,10,findjs,0.02616714416503906,0.006229703530824552
4,8192,rand,10,minjs,0.028118602447509772,0.005809994669131851
4,8192,rand,10,ratio,0.76
4,8192,rand,10,max,386.0263157894737,347.51709946979236
4,8192,rand,10,min,0.0,0.0
4,16384,rand,3,findpy,0.003279099464416504,0.00017478296630143054
4,16384,rand,3,minpy,0.0045908308029174805,0.00015329715388511835
4,16384,rand,3,jtbpy,1.0e9,0.0
4,16384,rand,3,findjl,0.00185245334,5.4563466951615164e-5
4,16384,rand,3,minjl,0.0018970010799999998,5.5404678864838815e-5
4,16384,rand,3,findjs,0.008400814437866212,0.00028818691954452246
4,16384,rand,3,minjs,0.010058078384399413,0.00048020725523570894
4,16384,rand,3,ratio,1.0
4,16384,rand,3,max,4047.82,35.84871272558657
4,16384,rand,3,min,0.0,0.0
4,16384,rand,5,findpy,0.006079030036926269,0.0024094993008722952
4,16384,rand,5,minpy,0.007602005004882812,0.0024621684942593104
4,16384,rand,5,jtbpy,1.0e9,0.0
4,16384,rand,5,findjl,0.0026550129999999995,0.0005890596980583998
4,16384,rand,5,minjl,0.00275799994,0.0006175902014487655
4,16384,rand,5,findjs,0.013775219421386717,0.004935275586894394
4,16384,rand,5,minjs,0.015639976654052735,0.005093157112573635
4,16384,rand,5,ratio,1.0
4,16384,rand,5,max,3347.48,497.96505245788865
4,16384,rand,5,min,0.0,0.0
4,16384,rand,10,findpy,0.027316532135009765,0.007045349586480793
4,16384,rand,10,minpy,0.03689343452453613,0.011125302421220614
4,16384,rand,10,jtbpy,1.0e9,0.0
4,16384,rand,10,findjl,0.006506299339999999,0.000981019782521034
4,16384,rand,10,minjl,0.008304776759999999,0.0020774276135620867
4,16384,rand,10,findjs,0.05170914649963379,0.008127460702298618
4,16384,rand,10,minjs,0.05563669883728028,0.00907121219051574
4,16384,rand,10,ratio,0.92
4,16384,rand,10,max,624.4347826086956,462.19344926238716
4,16384,rand,10,min,0.0,0.0
4,32768,rand,3,findpy,0.007142939567565918,0.00030092313744714224
4,32768,rand,3,minpy,0.00955636501312256,0.00021465061417306536
4,32768,rand,3,jtbpy,1.0e9,0.0
4,32768,rand,3,findjl,0.00387365854,6.848609450791702e-5
4,32768,rand,3,minjl,0.00385889652,9.353766183871981e-5
4,32768,rand,3,findjs,0.01308283332824707,0.00039453278380555395
4,32768,rand,3,minjs,0.01809269416809082,0.0004142225409531
4,32768,rand,3,ratio,1.0
4,32768,rand,3,max,8155.9,36.23294813580927
4,32768,rand,3,min,0.0,0.0
4,32768,rand,5,findpy,0.010391392707824708,0.0034624822518897567
4,32768,rand,5,minpy,0.013334841728210449,0.0035002894228928095
4,32768,rand,5,jtbpy,1.0e9,0.0
4,32768,rand,5,findjl,0.00494159374,0.0008351479715102626
4,32768,rand,5,minjl,0.00494634722,0.00083175433009953
4,32768,rand,5,findjs,0.02098855606079102,0.007260678381921965
4,32768,rand,5,minjs,0.026376726455688476,0.007378437439411768
4,32768,rand,5,ratio,0.98
4,32768,rand,5,max,7300.428571428572,666.2711535103408
4,32768,rand,5,min,0.0,0.0
4,32768,rand,10,findpy,0.057329959869384765,0.016500602378542648
4,32768,rand,10,minpy,0.07513712882995606,0.019633165293661655
4,32768,rand,10,jtbpy,1.0e9,0.0
4,32768,rand,10,findjl,0.01336154364,0.002453839166722027
4,32768,rand,10,minjl,0.01657220698,0.0034701098381556563
4,32768,rand,10,findjs,0.11417845458984374,0.026380199499346828
4,32768,rand,10,minjs,0.1276008080291748,0.02677600320283306
4,32768,rand,10,ratio,0.88
4,32768,rand,10,max,1594.4545454545455,1038.9851590261205
4,32768,rand,10,min,0.0,0.0
4,65536,rand,3,findpy,0.012264976501464844,0.0006899283635771373
4,65536,rand,3,minpy,0.017378087043762206,0.0004923221625783491
4,65536,rand,3,jtbpy,1.0e9,0.0
4,65536,rand,3,findjl,0.007734875099999999,0.00010514966020387221
4,65536,rand,3,minjl,0.00793140622,0.00014336715430033158
4,65536,rand,3,findjs,0.023956545944213866,0.00251607770610958
4,65536,rand,3,minjs,0.031227519531250005,0.002402677630580356
4,65536,rand,3,ratio,1.0
4,65536,rand,3,max,16325.86,53.52207631493031
4,65536,rand,3,min,0.0,0.0
4,65536,rand,5,findpy,0.017241392135620117,0.005602313471069146
4,65536,rand,5,minpy,0.022463884353637695,0.005520990826153829
4,65536,rand,5,jtbpy,1.0e9,0.0
4,65536,rand,5,findjl,0.00918856884,0.0014021628431776152
4,65536,rand,5,minjl,0.00945017596,0.0013987956176012447
4,65536,rand,5,findjs,0.03368478485107421,0.012198746439722125
4,65536,rand,5,minjs,0.04308265075683594,0.012999513889308647
4,65536,rand,5,ratio,1.0
4,65536,rand,5,max,15265.12,1062.072168653605
4,65536,rand,5,min,0.0,0.0
4,65536,rand,10,findpy,0.11053590297698974,0.03900359508219113
4,65536,rand,10,minpy,0.133423376083374,0.044581379892919125
4,65536,rand,10,jtbpy,1.0e9,0.0
4,65536,rand,10,findjl,0.02909651034,0.007936807317024949
4,65536,rand,10,minjl,0.03326198302,0.009362814821475298
4,65536,rand,10,findjs,0.25522835983276365,0.08533977727731121
4,65536,rand,10,minjs,0.27412089195251466,0.08555908193817773
4,65536,rand,10,ratio,0.98
4,65536,rand,10,max,4246.34693877551,2826.4863092349333
4,65536,rand,10,min,0.0,0.0
4,131072,rand,3,findpy,0.027701091766357423,0.0014859949467898434
4,131072,rand,3,minpy,0.03786857604980469,0.0009538542415255661
4,131072,rand,3,jtbpy,1.0e9,0.0
4,131072,rand,3,findjl,0.01587748972,0.00019722002314177532
4,131072,rand,3,minjl,0.01633820978,0.00014580749597808602
4,131072,rand,3,findjs,0.06236795989990235,0.007547732168146916
4,131072,rand,3,minjs,0.08355068527221679,0.006977413490213823
4,131072,rand,3,ratio,1.0
4,131072,rand,3,max,32726.7,41.59878824765776
4,131072,rand,3,min,0.0,0.0
4,131072,rand,5,findpy,0.031787080764770506,0.00491658552819782
4,131072,rand,5,minpy,0.04277871608734131,0.004696154575984641
4,131072,rand,5,jtbpy,1.0e9,0.0
4,131072,rand,5,findjl,0.0170898163,0.0013813077628559143
4,131072,rand,5,minjl,0.0178230742,0.0013725668634041188
4,131072,rand,5,findjs,0.07204012855529786,0.01118234897098529
4,131072,rand,5,minjs,0.09389295906066895,0.011554012992868847
4,131072,rand,5,ratio,1.0
4,131072,rand,5,max,31712.58,1100.6975726922506
4,131072,rand,5,min,0.0,0.0
4,131072,rand,10,findpy,0.2202080535888672,0.07577768402689755
4,131072,rand,10,minpy,0.2547672986984253,0.07990714567447664
4,131072,rand,10,jtbpy,1.0e9,0.0
4,131072,rand,10,findjl,0.057826849199999995,0.014845972210895581
4,131072,rand,10,minjl,0.06573255246,0.017002340971629108
4,131072,rand,10,findjs,0.49035029197692864,0.15819131267555395
4,131072,rand,10,minjs,0.5171967126464844,0.15540104395765544
4,131072,rand,10,ratio,0.96
4,131072,rand,10,max,10386.875,5597.902193033205
4,131072,rand,10,min,0.0,0.0
2,16,1,3,findpy,4.102706909179688e-5,8.364414908848879e-6
2,16,1,3,minpy,6.166458129882812e-5,1.4693931715363522e-5
2,16,1,3,jtbpy,0.010454769134521485,0.005490577764980578
2,16,1,3,findjl,2.563232e-5,1.6226058965473422e-6
2,16,1,3,minjl,3.472348e-5,4.58706308708502e-6
2,16,1,3,findjs,0.00047349082946777335,0.00010547384297479279
2,16,1,3,minjs,0.0005617706298828125,5.428488928246784e-5
2,16,1,3,ratio,0.8
2,16,1,3,max,2.75,2.238932896006603
2,16,1,3,min,0.025,0.15811388300841894
2,16,1,5,findpy,5.143165588378906e-5,6.964714658906453e-6
2,16,1,5,minpy,7.668495178222656e-5,2.2869106211626815e-5
2,16,1,5,jtbpy,0.010630207061767578,0.008187828692482626
2,16,1,5,findjl,2.75025e-5,2.612069874756846e-6
2,16,1,5,minjl,3.671854e-5,6.737054519625632e-6
2,16,1,5,findjs,0.0005065702819824218,9.376008233857966e-5
2,16,1,5,minjs,0.0006004585266113281,5.424528415591648e-5
2,16,1,5,ratio,0.68
2,16,1,5,max,0.6176470588235294,1.0448925095464312
2,16,1,5,min,0.058823529411764705,0.3429971702850177
2,16,1,10,findpy,6.429672241210938e-5,6.8326092126776894e-6
2,16,1,10,minpy,9.963035583496094e-5,3.417291386005382e-5
2,16,1,10,jtbpy,0.014774904251098633,0.022118339609665864
2,16,1,10,findjl,2.844582e-5,3.217701256347774e-6
2,16,1,10,minjl,3.9904759999999995e-5,9.008237673487573e-6
2,16,1,10,findjs,0.0005522677612304687,2.151382703484962e-5
2,16,1,10,minjs,0.0006923016357421875,0.0001409744183270288
2,16,1,10,ratio,0.6
2,16,1,10,max,0.0,0.0
2,16,1,10,min,0.0,0.0
2,32,2,3,findpy,5.969047546386719e-5,1.1525682321426563e-5
2,32,2,3,minpy,8.474349975585937e-5,2.8921607843401893e-5
2,32,2,3,jtbpy,0.05109832763671875,0.02135369163129182
2,32,2,3,findjl,3.1420360000000006e-5,1.8972121088909509e-6
2,32,2,3,minjl,4.169933999999999e-5,9.75526925037679e-6
2,32,2,3,findjs,0.0005195130157470702,2.910464673008313e-5
2,32,2,3,minjs,0.000639857177734375,7.828532317802587e-5
2,32,2,3,ratio,0.58
2,32,2,3,max,5.379310344827586,3.8490610460163635
2,32,2,3,min,0.1724137931034483,0.6017216678143156
2,32,2,5,findpy,7.98797607421875e-5,1.1321074852614284e-5
2,32,2,5,minpy,0.00011096954345703125,4.141254399582981e-5
2,32,2,5,jtbpy,0.05674093723297119,0.031083734969396617
2,32,2,5,findjl,3.413272e-5,1.6449756159721205e-6
2,32,2,5,minjl,4.408774e-5,1.2049404417172305e-5
2,32,2,5,findjs,0.0005840955352783203,2.3792681454459412e-5
2,32,2,5,minjs,0.0006921667480468749,8.044653236483052e-5
2,32,2,5,ratio,0.44
2,32,2,5,max,2.0454545454545454,2.3999458868358383
2,32,2,5,min,0.09090909090909091,0.426401432711221
2,32,2,10,findpy,0.00010698318481445313,1.3435287471169495e-5
2,32,2,10,minpy,0.0001402711868286133,5.93805110285517e-5
2,32,2,10,jtbpy,0.08128551483154296,0.08562680089305273
2,32,2,10,findjl,3.6766099999999993e-5,1.6414143011937194e-6
2,32,2,10,minjl,4.699802e-5,1.534446553486345e-5
2,32,2,10,findjs,0.0007040747833251954,2.9447340926537904e-5
2,32,2,10,minjs,0.0008093894958496092,0.00011034929678707161
2,32,2,10,ratio,0.28
2,32,2,10,max,0.0,0.0
2,32,2,10,min,0.0,0.0
2,64,3,3,findpy,8.477687835693359e-5,1.8853264628666027e-5
2,64,3,3,minpy,0.00013454437255859376,4.542242521323497e-5
2,64,3,3,jtbpy,0.2852148914337158,0.06024667581768306
2,64,3,3,findjl,3.9422040000000006e-5,2.9205425199117107e-6
2,64,3,3,minjl,5.549366e-5,1.2724312588160685e-5
2,64,3,3,findjs,0.0006137384796142579,8.048061768677174e-5
2,64,3,3,minjs,0.0007654588317871095,0.00013420954413866058
2,64,3,3,ratio,0.7
2,64,3,3,max,13.2,6.711710573581776
2,64,3,3,min,0.17142857142857143,0.5136784463246316
2,64,3,5,findpy,0.00012664318084716796,1.8612530099101476e-5
2,64,3,5,minpy,0.0001610088348388672,5.665063640048047e-5
2,64,3,5,jtbpy,0.34158332824707033,0.0944993164466739
2,64,3,5,findjl,4.560124e-5,2.1072959611205783e-6
2,64,3,5,minjl,5.514124e-5,1.4064565351003674e-5
2,64,3,5,findjs,0.0007319869995117187,3.647869270114827e-5
2,64,3,5,minjs,0.0008251663970947265,8.239517389703932e-5
2,64,3,5,ratio,0.32
2,64,3,5,max,2.6875,2.651257563245538
2,64,3,5,min,0.0,0.0
2,64,3,10,findpy,0.00018490314483642577,1.903745900396466e-5
2,64,3,10,minpy,0.00023163795471191405,9.788305874003504e-5
2,64,3,10,jtbpy,0.4609930419921875,0.0632536568649729
2,64,3,10,findjl,5.1823720000000005e-5,2.4820864333977465e-6
2,64,3,10,minjl,6.447274e-5,2.324371153650477e-5
2,64,3,10,findjs,0.0009756582641601563,0.0001231277489237444
2,64,3,10,minjs,0.0010370401763916016,9.015437279916897e-5
2,64,3,10,ratio,0.22
2,64,3,10,max,0.09090909090909091,0.3015113445777636
2,64,3,10,min,0.0,0.0
2,128,4,3,findpy,0.00013802528381347655,3.1409110844053524e-5
2,128,4,3,minpy,0.00020272731781005858,5.5409234220421125e-5
2,128,4,3,jtbpy,1.8325988864898681,0.3083647850185268
2,128,4,3,findjl,5.746144e-5,4.500422429877771e-6
2,128,4,3,minjl,7.618885999999999e-5,1.4479166075617274e-5
2,128,4,3,findjs,0.0007012187957763671,4.879785356133202e-5
2,128,4,3,minjs,0.0008436786651611328,8.971350009850751e-5
2,128,4,3,ratio,0.64
2,128,4,3,max,30.0,9.615176176400816
2,128,4,3,min,0.0625,0.24593468841898236
2,128,4,5,findpy,0.00022239208221435546,3.3711226389132995e-5
2,128,4,5,minpy,0.0002832794189453125,9.038795528563675e-5
2,128,4,5,jtbpy,2.4454775428771973,0.4174371359780675
2,128,4,5,findjl,7.004126000000001e-5,3.861102046392074e-6
2,128,4,5,minjl,8.566006e-5,2.0507042666232837e-5
2,128,4,5,findjs,0.0009609321594238282,6.665135941956625e-5
2,128,4,5,minjs,0.0011072913360595702,0.0001716459492405528
2,128,4,5,ratio,0.34
2,128,4,5,max,8.470588235294118,5.789188706749241
2,128,4,5,min,0.11764705882352941,0.3321055820775357
2,128,4,10,findpy,0.0003464412689208984,2.9360486990004695e-5
2,128,4,10,minpy,0.0003555727005004883,8.124901419522412e-5
2,128,4,10,jtbpy,3.4127004098892213,0.26452635774285277
2,128,4,10,findjl,8.653304000000001e-5,3.4453431982125363e-6
2,128,4,10,minjl,8.982420000000001e-5,1.5629309955128196e-5
2,128,4,10,findjs,0.0014509777832031252,9.870001208731136e-5
2,128,4,10,minjs,0.0014787485504150393,0.00010033039686620965
2,128,4,10,ratio,0.02
2,128,4,10,max,0.0,NaN
2,128,4,10,min,0.0,NaN
2,256,5,3,findpy,0.00020862102508544921,4.698740008128752e-5
2,256,5,3,minpy,0.0002927112579345703,8.396039159899263e-5
2,256,5,3,jtbpy,11.64485318183899,2.7429169442291994
2,256,5,3,findjl,8.494080000000001e-5,8.545143363457445e-6
2,256,5,3,minjl,0.0001091164,1.986322813540598e-5
2,256,5,3,findjs,0.0009038969421386719,0.0001001965777036848
2,256,5,3,minjs,0.0011031206512451173,0.00024089018902446444
2,256,5,3,ratio,0.66
2,256,5,3,max,68.27272727272727,14.78020789618825
2,256,5,3,min,0.09090909090909091,0.2919371040605713
2,256,5,5,findpy,0.0003881740570068359,4.982694862088235e-5
2,256,5,5,minpy,0.00046721458435058596,0.00015180450199681877
2,256,5,5,jtbpy,18.449603176116945,1.9857795194821612
2,256,5,5,findjl,0.00011112312,6.351095491684076e-6
2,256,5,5,minjl,0.0001322223,3.5665375961276276e-5
2,256,5,5,findjs,0.0012667442321777345,0.00017180134758592458
2,256,5,5,minjs,0.001419973373413086,0.00024302404924743466
2,256,5,5,ratio,0.28
2,256,5,5,max,19.928571428571427,9.691108420484337
2,256,5,5,min,0.2857142857142857,1.0690449676496974
2,256,5,10,findpy,0.000677642822265625,5.970352223719427e-5
2,256,5,10,minpy,0.000739145278930664,0.0002318887334752085
2,256,5,10,jtbpy,1.0000002437526233e8,3.0304575515808547e8
2,256,5,10,findjl,0.00014577845999999998,6.8537018455841266e-6
2,256,5,10,minjl,0.00016470054,4.825941132459374e-5
2,256,5,10,findjs,0.002466921157836914,0.00019100022427310674
2,256,5,10,minjs,0.002589391937255859,0.00018949891369169876
2,256,5,10,ratio,0.08
2,256,5,10,max,0.25,0.5
2,256,5,10,min,0.0,0.0
2,512,6,3,findpy,0.0003386878967285156,9.300201003111393e-5
2,512,6,3,minpy,0.00046374320983886717,0.0001326561789149364
2,512,6,3,jtbpy,9.800000005242947e8,1.414213525299856e8
2,512,6,3,findjl,0.0001360768,1.443564613117438e-5
2,512,6,3,minjl,0.00016727788,2.7822700837691397e-5
2,512,6,3,findjs,0.001024073028564453,0.00014179588428068536
2,512,6,3,minjs,0.001245914840698242,0.00018253577727652683
2,512,6,3,ratio,0.68
2,512,6,3,max,158.94117647058823,31.232210622883496
2,512,6,3,min,0.08823529411764706,0.2879022412812366
2,512,6,5,findpy,0.0006865978240966797,0.00010905052392422439
2,512,6,5,minpy,0.000841069221496582,0.00024072513385932644
2,512,6,5,jtbpy,1.0e9,0.0
2,512,6,5,findjl,0.00019212078,1.5734151100996192e-5
2,512,6,5,minjl,0.00023181337999999998,5.871670939102255e-5
2,512,6,5,findjs,0.0020294503021240236,0.000370267739161935
2,512,6,5,minjs,0.002178573989868164,0.00026218341037175967
2,512,6,5,ratio,0.32
2,512,6,5,max,66.375,31.12742627758785
2,512,6,5,min,0.4375,1.75
2,512,6,10,findpy,0.001360640525817871,0.00011891741355284975
2,512,6,10,minpy,0.001421337127685547,0.0002972176826632435
2,512,6,10,jtbpy,1.0e9,0.0
2,512,6,10,findjl,0.00026208438,1.4179732401392561e-5
2,512,6,10,minjl,0.00029604394,6.610076932566901e-5
2,512,6,10,findjs,0.00439690284729004,0.0003907852836313976
2,512,6,10,minjs,0.004493750610351562,0.0003305401377176157
2,512,6,10,ratio,0.06
2,512,6,10,max,1.0,1.0
2,512,6,10,min,0.0,0.0
2,1024,7,3,findpy,0.0005080032348632812,0.00011557349915428499
2,1024,7,3,minpy,0.0007406044006347657,0.00015652566088683083
2,1024,7,3,jtbpy,1.0e9,0.0
2,1024,7,3,findjl,0.00023191285999999998,2.3619188978464274e-5
2,1024,7,3,minjl,0.00028796221999999994,3.799131526605113e-5
2,1024,7,3,findjs,0.0014115254211425781,0.0002071572184708284
2,1024,7,3,minjs,0.0017767579650878906,0.00021215819912181197
2,1024,7,3,ratio,0.96
2,1024,7,3,max,378.375,44.875537097479224
2,1024,7,3,min,0.16666666666666666,0.47639306734033093
2,1024,7,5,findpy,0.0013119363784790039,0.0001673885252328888
2,1024,7,5,minpy,0.0016905546188354492,0.0004015283662922421
2,1024,7,5,jtbpy,1.0e9,0.0
2,1024,7,5,findjl,0.00034612848,2.4498475882822272e-5
2,1024,7,5,minjl,0.00045947688,9.174173283682661e-5
2,1024,7,5,findjs,0.0032371801757812503,0.0003512160134299962
2,1024,7,5,minjs,0.0036984041595458984,0.0004691294361124056
2,1024,7,5,ratio,0.58
2,1024,7,5,max,117.44827586206897,39.029829441170975
2,1024,7,5,min,0.20689655172413793,0.9403384779971361
2,1024,7,10,findpy,0.002618060111999512,0.0002334766635647416
2,1024,7,10,minpy,0.0027113103866577147,0.0005898076494065497
2,1024,7,10,jtbpy,1.0e9,0.0
2,1024,7,10,findjl,0.00055309154,2.7801530124686977e-5
2,1024,7,10,minjl,0.0005906277599999999,0.0001311725629083355
2,1024,7,10,findjs,0.006682904815673828,0.0003037063955864352
2,1024,7,10,minjs,0.00680666358947754,0.0003540039606563186
2,1024,7,10,ratio,0.04
2,1024,7,10,max,6.0,0.0
2,1024,7,10,min,0.0,0.0
2,2048,8,3,findpy,0.0008304452896118164,0.000175648958942232
2,2048,8,3,minpy,0.0011476564407348633,0.00022147030368469174
2,2048,8,3,jtbpy,1.0e9,0.0
2,2048,8,3,findjl,0.00041312946000000004,4.4419359055097973e-5
2,2048,8,3,minjl,0.00048313192,5.5909028715146e-5
2,2048,8,3,findjs,0.0022283630371093747,0.00039192071136490316
2,2048,8,3,minjs,0.002783150024414062,0.0005900332374536123
2,2048,8,3,ratio,0.9
2,2048,8,3,max,804.4222222222222,70.71469208564567
2,2048,8,3,min,0.044444444444444446,0.20840907713999274
2,2048,8,5,findpy,0.002181062698364258,0.0003377161965991375
2,2048,8,5,minpy,0.002583303451538086,0.0006581773663060232
2,2048,8,5,jtbpy,1.0e9,0.0
2,2048,8,5,findjl,0.00066468158,5.7625734777232275e-5
2,2048,8,5,minjl,0.00076640174,0.00014003048502537303
2,2048,8,5,findjs,0.0052799049377441395,0.0010025963524932856
2,2048,8,5,minjs,0.00567110107421875,0.0010289919014722828
2,2048,8,5,ratio,0.46
2,2048,8,5,max,310.4347826086956,92.09620764423796
2,2048,8,5,min,0.17391304347826086,0.491026190103531
2,2048,8,10,findpy,0.004953150749206543,0.0004539677047858131
2,2048,8,10,minpy,0.005114970207214356,0.0009195584461863344
2,2048,8,10,jtbpy,1.0e9,0.0
2,2048,8,10,findjl,0.00111499842,5.601267671172159e-5
2,2048,8,10,minjl,0.0011729806400000002,0.0001674615203314018
2,2048,8,10,findjs,0.010424828567504884,0.0005905252537571116
2,2048,8,10,minjs,0.010677460784912109,0.000558044190644725
2,2048,8,10,ratio,0.06
2,2048,8,10,max,2.6666666666666665,0.5773502691896258
2,2048,8,10,min,0.0,0.0
2,4096,9,3,findpy,0.0013992500305175782,0.00026623073681906995
2,4096,9,3,minpy,0.0019526290893554688,0.00031296729178292154
2,4096,9,3,jtbpy,1.0e9,0.0
2,4096,9,3,findjl,0.00071600734,7.118161154760893e-5
2,4096,9,3,minjl,0.00080422514,7.874773920823741e-5
2,4096,9,3,findjs,0.0035767756652832034,0.0005489104827771007
2,4096,9,3,minjs,0.004432223510742187,0.0005473156154749049
2,4096,9,3,ratio,0.96
2,4096,9,3,max,1760.7291666666667,111.17146801863525
2,4096,9,3,min,0.0625,0.24462302739504083
2,4096,9,5,findpy,0.003789658546447754,0.0006144909631281705
2,4096,9,5,minpy,0.004567255973815918,0.0010143168072284435
2,4096,9,5,jtbpy,1.0e9,0.0
2,4096,9,5,findjl,0.0012671232000000003,0.00012639059329906557
2,4096,9,5,minjl,0.0014445566399999999,0.0002096385927928192
2,4096,9,5,findjs,0.00893556251525879,0.00142589424486129
2,4096,9,5,minjs,0.009544970779418946,0.0012391310366608166
2,4096,9,5,ratio,0.58
2,4096,9,5,max,783.8275862068965,183.79259835973446
2,4096,9,5,min,0.10344827586206896,0.40925259281898757
2,4096,9,10,findpy,0.009305505752563477,0.0008103431356495485
2,4096,9,10,minpy,0.010250124931335449,0.0027151647135526006
2,4096,9,10,jtbpy,1.0e9,0.0
2,4096,9,10,findjl,0.0022088763,0.00011958624576263795
2,4096,9,10,minjl,0.0024447031399999998,0.0005752109304816022
2,4096,9,10,findjs,0.017862922897338866,0.0017870295091815917
2,4096,9,10,minjs,0.01872761863708496,0.0020000455905121455
2,4096,9,10,ratio,0.14
2,4096,9,10,max,26.857142857142858,16.707568857941514
2,4096,9,10,min,0.0,0.0
2,8192,10,3,findpy,0.002321305274963379,0.00029315787387224334
2,8192,10,3,minpy,0.003157353401184082,0.0003431079858338421
2,8192,10,3,jtbpy,1.0e9,0.0
2,8192,10,3,findjl,0.0013690074199999996,8.82155245521086e-5
2,8192,10,3,minjl,0.0014444194200000002,9.037452052275554e-5
2,8192,10,3,findjs,0.006387113647460937,0.001034587881952383
2,8192,10,3,minjs,0.007943756637573242,0.001019625241413918
2,8192,10,3,ratio,0.98
2,8192,10,3,max,3722.918367346939,121.94668178051796
2,8192,10,3,min,0.0,0.0
2,8192,10,5,findpy,0.0068801212310791015,0.001262439712513813
2,8192,10,5,minpy,0.008635444641113281,0.0016298142155937293
2,8192,10,5,jtbpy,1.0e9,0.0
2,8192,10,5,findjl,0.0024304327400000002,0.00023607532232568465
2,8192,10,5,minjl,0.00279359368,0.00038246731347981486
2,8192,10,5,findjs,0.014205103912353516,0.0024310232080300737
2,8192,10,5,minjs,0.01608011901855469,0.0024913673080069164
2,8192,10,5,ratio,0.82
2,8192,10,5,max,1960.5853658536585,407.57692375855606
2,8192,10,5,min,0.2682926829268293,0.7079685813615756
2,8192,10,10,findpy,0.019849205017089845,0.0017004992003493136
2,8192,10,10,minpy,0.02052831172943115,0.0037649607665329933
2,8192,10,10,jtbpy,1.0e9,0.0
2,8192,10,10,findjl,0.00461835248,0.0002443576274459837
2,8192,10,10,minjl,0.00487360362,0.0008347464872590371
2,8192,10,10,findjs,0.03438125556945801,0.002025007150624627
2,8192,10,10,minjs,0.03477037780761719,0.002017369703884431
2,8192,10,10,ratio,0.08
2,8192,10,10,max,89.5,94.73647660748209
2,8192,10,10,min,0.0,0.0
2,16384,11,3,findpy,0.0043587350845336915,0.00035087110826524887
2,16384,11,3,minpy,0.005907726287841797,0.00037442405644333616
2,16384,11,3,jtbpy,1.0e9,0.0
2,16384,11,3,findjl,0.0026835931599999995,0.00010940416168899536
2,16384,11,3,minjl,0.00280710872,0.0001243740089286392
2,16384,11,3,findjs,0.010326017074584961,0.0006540897178151288
2,16384,11,3,minjs,0.01734708656311035,0.0005098597753883829
2,16384,11,3,ratio,1.0
2,16384,11,3,max,7779.38,156.26101789725328
2,16384,11,3,min,0.06,0.31363569143000214
2,16384,11,5,findpy,0.012153234481811524,0.0022940446007440004
2,16384,11,5,minpy,0.015388216972351074,0.003004492281336637
2,16384,11,5,jtbpy,1.0e9,0.0
2,16384,11,5,findjl,0.0045766156,0.0004295964378921127
2,16384,11,5,minjl,0.0051882828,0.0008155602933593868
2,16384,11,5,findjs,0.025977238388061524,0.005256717275641124
2,16384,11,5,minjs,0.03000961753845215,0.004662595578694765
2,16384,11,5,ratio,0.94
2,16384,11,5,max,4840.936170212766,719.3691803075235
2,16384,11,5,min,0.1276595744680851,0.49418449629033095
2,16384,11,10,findpy,0.04299909591674805,0.0034423931843228835
2,16384,11,10,minpy,0.04438673496246338,0.006791969588372204
2,16384,11,10,jtbpy,1.0e9,0.0
2,16384,11,10,findjl,0.00961165554,0.00046990127475665243
2,16384,11,10,minjl,0.009999116019999999,0.001384689435271089
2,16384,11,10,findjs,0.06828358695983887,0.003230967159614405
2,16384,11,10,minjs,0.06937021980285644,0.0032736338458064563
2,16384,11,10,ratio,0.08
2,16384,11,10,max,275.0,143.12465429361453
2,16384,11,10,min,0.0,0.0
2,32768,12,3,findpy,0.0074441289901733395,0.0003945362670913028
2,32768,12,3,minpy,0.010269942283630372,0.0005934527324377504
2,32768,12,3,jtbpy,1.0e9,0.0
2,32768,12,3,findjl,0.0052749092,0.0001396996975775728
2,32768,12,3,minjl,0.00527898388,0.00014115324546843053
2,32768,12,3,findjs,0.015362477264404296,0.00047814277120290625
2,32768,12,3,minjs,0.021709087219238282,0.0009989021586592963
2,32768,12,3,ratio,0.98
2,32768,12,3,max,15956.469387755102,167.5803416823326
2,32768,12,3,min,0.0,0.0
2,32768,12,5,findpy,0.0211121129989624,0.00584604497447765
2,32768,12,5,minpy,0.02534843921661377,0.006473588774464995
2,32768,12,5,jtbpy,1.0e9,0.0
2,32768,12,5,findjl,0.008583705,0.0009877131772406897
2,32768,12,5,minjl,0.009033007259999998,0.0012699322139715834
2,32768,12,5,findjs,0.04335239624023437,0.00843646426931044
2,32768,12,5,minjs,0.05020419288635254,0.008812909855971543
2,32768,12,5,ratio,0.88
2,32768,12,5,max,11385.977272727272,1388.0240010095054
2,32768,12,5,min,0.13636363636363635,0.6321211648244563
2,32768,12,10,findpy,0.08966516971588134,0.008226927458992964
2,32768,12,10,minpy,0.09471400737762452,0.019399213691854864
2,32768,12,10,jtbpy,1.0e9,0.0
2,32768,12,10,findjl,0.02022550714,0.0013742695347062435
2,32768,12,10,minjl,0.021495647460000003,0.00433708304726881
2,32768,12,10,findjs,0.16058169403076172,0.01096243034409122
2,32768,12,10,minjs,0.1678775104522705,0.013460626211863043
2,32768,12,10,ratio,0.12
2,32768,12,10,max,640.3333333333334,528.4050214245382
2,32768,12,10,min,0.0,0.0
2,65536,13,3,findpy,0.014723272323608398,0.0005889733112112308
2,65536,13,3,minpy,0.020402302742004396,0.000516906992469041
2,65536,13,3,jtbpy,1.0e9,0.0
2,65536,13,3,findjl,0.01015498628,0.00020842467402211798
2,65536,13,3,minjl,0.010495625900000001,0.00018998850545716436
2,65536,13,3,findjs,0.027654056625366213,0.0023782068492340307
2,65536,13,3,minjs,0.03817228614807129,0.0020474862095419674
2,65536,13,3,ratio,1.0
2,65536,13,3,max,32245.1,187.00379238760624
2,65536,13,3,min,0.0,0.0
2,65536,13,5,findpy,0.03650099277496338,0.0098887342291833
2,65536,13,5,minpy,0.043667140007019045,0.00984621774819537
2,65536,13,5,jtbpy,1.0e9,0.0
2,65536,13,5,findjl,0.01610125582,0.0023630825388317217
2,65536,13,5,minjl,0.01684938088,0.002317392082244675
2,65536,13,5,findjs,0.07267970085144043,0.01635275507047338
2,65536,13,5,minjs,0.08550643463134765,0.017245030716927692
2,65536,13,5,ratio,0.94
2,65536,13,5,max,25379.468085106382,2243.7156183735074
2,65536,13,5,min,0.0,0.0
2,65536,13,10,findpy,0.18011882781982422,0.0173234038992928
2,65536,13,10,minpy,0.19590607643127442,0.03305485850276948
2,65536,13,10,jtbpy,1.0e9,0.0
2,65536,13,10,findjl,0.047609846940000006,0.0032931827151211498
2,65536,13,10,minjl,0.051367647620000005,0.007704724848584622
2,65536,13,10,findjs,0.3965012626647949,0.029944297296757644
2,65536,13,10,minjs,0.40700611877441406,0.03082660793170634
2,65536,13,10,ratio,0.22
2,65536,13,10,max,2289.181818181818,1503.319780897053
2,65536,13,10,min,0.18181818181818182,0.6030226891555273
2,131072,14,3,findpy,0.02778656005859375,0.00047782300721267826
2,131072,14,3,minpy,0.03953178405761719,0.0004506069604747884
2,131072,14,3,jtbpy,1.0e9,0.0
2,131072,14,3,findjl,0.02076883718,0.000275581243269988
2,131072,14,3,minjl,0.02127707086,0.0002453235704429935
2,131072,14,3,findjs,0.06024155426025391,0.00854883706011647
2,131072,14,3,minjs,0.08306213317871095,0.010869140417267597
2,131072,14,3,ratio,1.0
2,131072,14,3,max,64964.5,175.4486086742049
2,131072,14,3,min,0.0,0.0
2,131072,14,5,findpy,0.058353114128112796,0.015099985053573857
2,131072,14,5,minpy,0.07261126041412354,0.015070191193257065
2,131072,14,5,jtbpy,1.0e9,0.0
2,131072,14,5,findjl,0.02998572116,0.0042736373265310525
2,131072,14,5,minjl,0.031070474,0.004225249612373804
2,131072,14,5,findjs,0.13160183616638182,0.027421653695218914
2,131072,14,5,minjs,0.15489095115661622,0.027677079720652725
2,131072,14,5,ratio,1.0
2,131072,14,5,max,55466.6,3203.4038975146805
2,131072,14,5,min,0.0,0.0
2,131072,14,10,findpy,0.37842373371124266,0.03338654730499646
2,131072,14,10,minpy,0.4096053409576416,0.06971930723394498
2,131072,14,10,jtbpy,1.0e9,0.0
2,131072,14,10,findjl,0.09907118034,0.006642897750638772
2,131072,14,10,minjl,0.10785537481999999,0.018796575282748872
2,131072,14,10,findjs,0.8213549794769287,0.06696459171549583
2,131072,14,10,minjs,0.8374311052703857,0.07412619149522372
2,131072,14,10,ratio,0.22
2,131072,14,10,max,5042.0,1754.5659292258015
2,131072,14,10,min,0.09090909090909091,0.3015113445777636
4,16,1,3,findpy,4.200458526611328e-5,8.75485069984426e-6
4,16,1,3,minpy,6.309032440185547e-5,1.5481508978029736e-5
4,16,1,3,jtbpy,0.0058130788803100585,0.0030923650223950478
4,16,1,3,findjl,2.5742120000000004e-5,1.1449106486837245e-6
4,16,1,3,minjl,3.54129e-5,5.124050144929799e-6
4,16,1,3,findjs,0.0004645397186279297,0.00010285955202056564
4,16,1,3,minjs,0.0005754837799072266,9.65002774219694e-5
4,16,1,3,ratio,0.82
4,16,1,3,max,1.170731707317073,1.1380342487023456
4,16,1,3,min,0.024390243902439025,0.15617376188860604
4,16,1,5,findpy,5.005359649658203e-5,7.474773016521941e-6
4,16,1,5,minpy,7.924556732177734e-5,2.236885512071576e-5
4,16,1,5,jtbpy,0.006410517692565918,0.005515647176298137
4,16,1,5,findjl,2.7252280000000002e-5,1.5184434570457003e-6
4,16,1,5,minjl,3.73448e-5,7.21118453854702e-6
4,16,1,5,findjs,0.0004892955780029296,6.60761730175132e-5
4,16,1,5,minjs,0.0006221162414550782,0.00012620427638007265
4,16,1,5,ratio,0.7
4,16,1,5,max,0.5714285714285714,1.0651074037450894
4,16,1,5,min,0.02857142857142857,0.1690308509457033
4,16,1,10,findpy,6.180286407470704e-5,8.113568398699459e-6
4,16,1,10,minpy,8.422374725341797e-5,3.067847463645127e-5
4,16,1,10,jtbpy,0.010498485565185546,0.015803024466701898
4,16,1,10,findjl,2.923678e-5,2.5650851224289077e-6
4,16,1,10,minjl,3.6720899999999996e-5,8.691367625056345e-6
4,16,1,10,findjs,0.0005503125,5.149355694423519e-5
4,16,1,10,minjs,0.0006387448120117188,9.961359597496125e-5
4,16,1,10,ratio,0.42
4,16,1,10,max,0.047619047619047616,0.2182178902359924
4,16,1,10,min,0.0,0.0
4,32,2,3,findpy,6.0448646545410154e-5,1.0193865664503935e-5
4,32,2,3,minpy,9.057044982910156e-5,2.5389637580032844e-5
4,32,2,3,jtbpy,0.027089552879333498,0.01199278257624239
4,32,2,3,findjl,3.10144e-5,1.6107504398856568e-6
4,32,2,3,minjl,4.2941579999999994e-5,7.86136657666166e-6
4,32,2,3,findjs,0.0005088508605957031,8.527881090018091e-5
4,32,2,3,minjs,0.0006327862548828125,0.0001167790584300409
4,32,2,3,ratio,0.7
4,32,2,3,max,2.5142857142857142,2.0489800701156398
4,32,2,3,min,0.02857142857142857,0.16903085094570333
4,32,2,5,findpy,8.261680603027343e-5,1.0325034075620864e-5
4,32,2,5,minpy,0.00011318683624267578,3.921026229409252e-5
4,32,2,5,jtbpy,0.028883452415466308,0.01111129402817339
4,32,2,5,findjl,3.400224e-5,1.4685696019999757e-6
4,32,2,5,minjl,4.394624e-5,1.102515671888243e-5
4,32,2,5,findjs,0.0005710589599609375,2.8334512467234406e-5
4,32,2,5,minjs,0.0006714647674560546,7.122765689698519e-5
4,32,2,5,ratio,0.44
4,32,2,5,max,0.4090909090909091,0.5903260526902472
4,32,2,5,min,0.045454545454545456,0.21320071635561047
4,32,2,10,findpy,0.00010744094848632812,1.1603524518939405e-5
4,32,2,10,minpy,0.00013701915740966798,5.535837730711951e-5
4,32,2,10,jtbpy,0.03431059837341308,0.008435782506544472
4,32,2,10,findjl,3.73797e-5,1.9291017286788785e-6
4,32,2,10,minjl,4.666482e-5,1.4504528509864408e-5
4,32,2,10,findjs,0.0007192835235595703,3.2804549798557314e-5
4,32,2,10,minjs,0.0007983787536621095,6.77993269464525e-5
4,32,2,10,ratio,0.26
4,32,2,10,max,0.0,0.0
4,32,2,10,min,0.0,0.0
4,64,3,3,findpy,9.223461151123047e-5,1.592425806588106e-5
4,64,3,3,minpy,0.00012930393218994141,3.558016913909599e-5
4,64,3,3,jtbpy,0.1469069528579712,0.03177379211418345
4,64,3,3,findjl,3.969462e-5,2.4961892825436365e-6
4,64,3,3,minjl,5.1714719999999996e-5,1.0159732519056568e-5
4,64,3,3,findjs,0.000615731201171875,2.976156976000746e-5
4,64,3,3,minjs,0.0007413227844238281,7.075980445545668e-5
4,64,3,3,ratio,0.6
4,64,3,3,max,5.533333333333333,2.7257815498442395
4,64,3,3,min,0.03333333333333333,0.18257418583505533
4,64,3,5,findpy,0.00012973785400390624,1.7434781261699085e-5
4,64,3,5,minpy,0.00017232894897460936,5.610544970378799e-5
4,64,3,5,jtbpy,0.16688406467437744,0.0409419599279731
4,64,3,5,findjl,4.534532000000001e-5,2.5196286853099473e-6
4,64,3,5,minjl,5.6817320000000004e-5,1.3990778977072938e-5
4,64,3,5,findjs,0.0007511467742919922,9.365838226895712e-5
4,64,3,5,minjs,0.0008607067108154297,0.00011443378374413251
4,64,3,5,ratio,0.42
4,64,3,5,max,1.619047619047619,1.6874889770363086
4,64,3,5,min,0.0,0.0
4,64,3,10,findpy,0.00018786907196044922,1.8229374198479943e-5
4,64,3,10,minpy,0.00022374153137207033,9.196981714944265e-5
4,64,3,10,jtbpy,0.2451862621307373,0.1069704967515307
4,64,3,10,findjl,5.257141999999999e-5,2.4004846712142724e-6
4,64,3,10,minjl,6.136265999999999e-5,2.0988576517453002e-5
4,64,3,10,findjs,0.000998355712890625,4.5427473956638324e-5
4,64,3,10,minjs,0.0010616785430908205,8.617354443223598e-5
4,64,3,10,ratio,0.14
4,64,3,10,max,0.0,0.0
4,64,3,10,min,0.0,0.0
4,128,4,3,findpy,0.00014142990112304689,3.120791978817519e-5
4,128,4,3,minpy,0.00019556999206542968,5.37831705153017e-5
4,128,4,3,jtbpy,0.9066324377059937,0.17455600348574743
4,128,4,3,findjl,5.612346000000001e-5,4.904298952210505e-6
4,128,4,3,minjl,7.230841999999999e-5,1.4115065397912506e-5
4,128,4,3,findjs,0.0007448956298828124,5.034068002006338e-5
4,128,4,3,minjs,0.0008812413024902343,9.025047110464288e-5
4,128,4,3,ratio,0.62
4,128,4,3,max,13.290322580645162,4.927430353893712
4,128,4,3,min,0.12903225806451613,0.49946207622941485
4,128,4,5,findpy,0.00022234439849853517,3.44982566143787e-5
4,128,4,5,minpy,0.00027825355529785155,9.069580788129689e-5
4,128,4,5,jtbpy,1.2199592113494873,0.16666178244917018
4,128,4,5,findjl,6.802156e-5,3.434995898521154e-6
4,128,4,5,minjl,8.30138e-5,2.0314528912548662e-5
4,128,4,5,findjs,0.000979480209350586,6.998712985333127e-5
4,128,4,5,minjs,0.0011011893463134764,0.00012047371616956713
4,128,4,5,ratio,0.36
4,128,4,5,max,2.388888888888889,1.576999716098631
4,128,4,5,min,0.05555555555555555,0.23570226039551584
4,128,4,10,findpy,0.00034573078155517576,2.748139158228113e-5
4,128,4,10,minpy,0.0003838682174682617,0.00011789342450441769
4,128,4,10,jtbpy,1.73848801612854,0.35973774653047697
4,128,4,10,findjl,8.484278000000001e-5,4.8565677150659e-6
4,128,4,10,minjl,9.324366000000001e-5,2.5104619270540147e-5
4,128,4,10,findjs,0.0013851754760742185,7.615727536819347e-5
4,128,4,10,minjs,0.0014514126586914061,9.934880907499034e-5
4,128,4,10,ratio,0.1
4,128,4,10,max,0.0,0.0
4,128,4,10,min,0.0,0.0
4,256,5,3,findpy,0.0002226877212524414,4.9224042795057315e-5
4,256,5,3,minpy,0.0003055000305175781,7.935126864217581e-5
4,256,5,3,jtbpy,5.977856736183167,1.2975568827869586
4,256,5,3,findjl,8.251744e-5,8.5769535958942e-6
4,256,5,3,minjl,0.00010561854,1.7219413320743895e-5
4,256,5,3,findjs,0.0008519041442871095,8.605455694104709e-5
4,256,5,3,minjs,0.0010078367614746093,0.0001224650184058367
4,256,5,3,ratio,0.7
4,256,5,3,max,31.542857142857144,8.367805451086138
4,256,5,3,min,0.0,0.0
4,256,5,5,findpy,0.0004003429412841797,5.6503249958886276e-5
4,256,5,5,minpy,0.0004958200454711914,0.00015516504829712153
4,256,5,5,jtbpy,9.221411805152893,1.2927750098965929
4,256,5,5,findjl,0.00010757642000000002,7.299024332590974e-6
4,256,5,5,minjl,0.00013282804,3.4477431587279094e-5
4,256,5,5,findjs,0.0012691085052490237,0.0001070941670894201
4,256,5,5,minjs,0.0014046556091308593,0.00013511131502621363
4,256,5,5,ratio,0.34
4,256,5,5,max,8.529411764705882,4.515496194478846
4,256,5,5,min,0.11764705882352941,0.48507125007266605
4,256,5,10,findpy,0.0006977939605712891,6.0521461995037785e-5
4,256,5,10,minpy,0.0007329463958740234,0.00015894504144744573
4,256,5,10,jtbpy,14.161723494529724,1.4626771758903594
4,256,5,10,findjl,0.00014282168,7.921082191164516e-6
4,256,5,10,minjl,0.00015673416,3.137903391312129e-5
4,256,5,10,findjs,0.002473544158935547,0.0001924135072840019
4,256,5,10,minjs,0.002553795166015625,0.00018326597143473588
4,256,5,10,ratio,0.06
4,256,5,10,max,0.0,0.0
4,256,5,10,min,0.0,0.0
4,512,6,3,findpy,0.0003455543518066406,8.060302250912447e-5
4,512,6,3,minpy,0.0005089521408081054,0.00010786195400494605
4,512,6,3,jtbpy,7.000000068976145e8,4.6291003924302554e8
4,512,6,3,findjl,0.00012694273999999998,1.51904570255574e-5
4,512,6,3,minjl,0.00016857268000000002,2.1746653447857772e-5
4,512,6,3,findjs,0.0010219415283203126,0.00013704360449461476
4,512,6,3,minjs,0.001283219223022461,0.00021677032194474642
4,512,6,3,ratio,0.92
4,512,6,3,max,77.3695652173913,14.019603252671555
4,512,6,3,min,0.10869565217391304,0.37878524373260003
4,512,6,5,findpy,0.0007361268997192383,7.888616946377766e-5
4,512,6,5,minpy,0.0008879041671752929,0.00023540158101746257
4,512,6,5,jtbpy,1.0e9,0.0
4,512,6,5,findjl,0.00019147906,1.1933825526217656e-5
4,512,6,5,minjl,0.00022946262,5.152979112536826e-5
4,512,6,5,findjs,0.0021366225433349607,0.0002000131099669031
4,512,6,5,minjs,0.0022909534454345704,0.0002197972290837707
4,512,6,5,ratio,0.32
4,512,6,5,max,22.75,7.1507575356274895
4,512,6,5,min,0.0625,0.25
4,512,6,10,findpy,0.0013939571380615235,0.00011890140439334507
4,512,6,10,minpy,0.0013614606857299805,0.0001174887342928369
4,512,6,10,jtbpy,1.0e9,0.0
4,512,6,10,findjl,0.00026188034,1.3037409342021463e-5
4,512,6,10,minjl,0.00027431694,1.5012993669308392e-5
4,512,6,10,findjs,0.004488551254272461,0.0003286911578927308
4,512,6,10,minjs,0.004546271896362305,0.0003476534811938682
4,512,6,10,ratio,0.0
4,512,6,10,max,NaN,NaN
4,512,6,10,min,NaN,NaN
4,1024,7,3,findpy,0.0005826473236083985,0.00013921211964308046
4,1024,7,3,minpy,0.0007451105117797851,0.00017032400553688632
4,1024,7,3,jtbpy,1.0e9,0.0
4,1024,7,3,findjl,0.00021819902000000003,2.6531712829997795e-5
4,1024,7,3,minjl,0.0002625639,3.270421805675962e-5
4,1024,7,3,findjs,0.0015143309020996096,0.0002554178867176075
4,1024,7,3,minjs,0.001781808090209961,0.0002660966845486924
4,1024,7,3,ratio,0.76
4,1024,7,3,max,168.89473684210526,26.272778506838915
4,1024,7,3,min,0.02631578947368421,0.16222142113076254
4,1024,7,5,findpy,0.0013449668884277343,0.00015597144725460613
4,1024,7,5,minpy,0.001575603485107422,0.00037993998110217496
4,1024,7,5,jtbpy,1.0e9,0.0
4,1024,7,5,findjl,0.00033268528,1.9026856171126502e-5
4,1024,7,5,minjl,0.00041898998,7.997923517082291e-5
4,1024,7,5,findjs,0.0032437485504150394,0.0003336406644947025
4,1024,7,5,minjs,0.003596568756103516,0.0005475740437279063
4,1024,7,5,ratio,0.42
4,1024,7,5,max,51.285714285714285,14.88335599635666
4,1024,7,5,min,0.047619047619047616,0.2182178902359924
4,1024,7,10,findpy,0.002646641731262207,0.0002599092852940383
4,1024,7,10,minpy,0.002781386375427246,0.0007462527043323276
4,1024,7,10,jtbpy,1.0e9,0.0
4,1024,7,10,findjl,0.00053184442,2.889280455943652e-5
4,1024,7,10,minjl,0.00058443754,0.00014558745621555
4,1024,7,10,findjs,0.006807148818969726,0.0006939445778531877
4,1024,7,10,minjs,0.006953225021362305,0.0006902513064450338
4,1024,7,10,ratio,0.08
4,1024,7,10,max,0.5,0.5773502691896257
4,1024,7,10,min,0.0,0.0
4,2048,8,3,findpy,0.000865316390991211,0.00020549140706101717
4,2048,8,3,minpy,0.0011810636520385742,0.00023077785352860024
4,2048,8,3,jtbpy,1.0e9,0.0
4,2048,8,3,findjl,0.00035206334000000006,4.686033076987008e-5
4,2048,8,3,minjl,0.00042104088,5.2107793359942325e-5
4,2048,8,3,findjs,0.0021466925811767577,0.0004381197258943603
4,2048,8,3,minjs,0.0025096875762939453,0.00045226667909833735
4,2048,8,3,ratio,0.88
4,2048,8,3,max,401.0681818181818,38.42201266308746
4,2048,8,3,min,0.045454545454545456,0.21070705494148542
4,2048,8,5,findpy,0.0022248554229736327,0.00031675983330083557
4,2048,8,5,minpy,0.0028591346740722656,0.0006066781771157949
4,2048,8,5,jtbpy,1.0e9,0.0
4,2048,8,5,findjl,0.0006307007400000001,5.087172107462343e-5
4,2048,8,5,minjl,0.0007903028,0.00012231776620753014
4,2048,8,5,findjs,0.005251735153198243,0.0006875709541765736
4,2048,8,5,minjs,0.005822454071044922,0.0007139499598781392
4,2048,8,5,ratio,0.74
4,2048,8,5,max,151.16216216216216,43.78578759363813
4,2048,8,5,min,0.02702702702702703,0.1643989873053573
4,2048,8,10,findpy,0.004797115325927735,0.0004585782361966763
4,2048,8,10,minpy,0.005091490745544433,0.001168039160300243
4,2048,8,10,jtbpy,1.0e9,0.0
4,2048,8,10,findjl,0.00106054668,5.583067714424845e-5
4,2048,8,10,minjl,0.00114197968,0.00024354942069676998
4,2048,8,10,findjs,0.010290378265380857,0.00048269608118289744
4,2048,8,10,minjs,0.010558964614868166,0.0005345383564411447
4,2048,8,10,ratio,0.08
4,2048,8,10,max,7.75,4.573474244670748
4,2048,8,10,min,0.0,0.0
4,4096,9,3,findpy,0.0012836360931396484,0.00021450061356636783
4,4096,9,3,minpy,0.0017755365371704102,0.0003064251532801294
4,4096,9,3,jtbpy,1.0e9,0.0
4,4096,9,3,findjl,0.00060414848,5.7270741958696446e-5
4,4096,9,3,minjl,0.00068280672,7.14598612663481e-5
4,4096,9,3,findjs,0.0032032324218749996,0.0007127540799815019
4,4096,9,3,minjs,0.0037694946289062504,0.0005697402260300421
4,4096,9,3,ratio,0.92
4,4096,9,3,max,871.1304347826087,49.26418969671002
4,4096,9,3,min,0.043478260869565216,0.20618457094236223
4,4096,9,5,findpy,0.0038364744186401368,0.0005953395673083463
4,4096,9,5,minpy,0.0047086429595947265,0.0008775391700993462
4,4096,9,5,jtbpy,1.0e9,0.0
4,4096,9,5,findjl,0.00121223094,0.00011132134280493694
4,4096,9,5,minjl,0.00140926258,0.00017461428085799484
4,4096,9,5,findjs,0.008491880187988281,0.0009194095811846299
4,4096,9,5,minjs,0.009334133529663086,0.0009508402227057916
4,4096,9,5,ratio,0.68
4,4096,9,5,max,382.29411764705884,82.02162664246941
4,4096,9,5,min,0.0,0.0
4,4096,9,10,findpy,0.009342145919799805,0.000659761682327419
4,4096,9,10,minpy,0.009820709228515625,0.0025090047531382462
4,4096,9,10,jtbpy,1.0e9,0.0
4,4096,9,10,findjl,0.00214455718,9.549733718195756e-5
4,4096,9,10,minjl,0.0023295468000000003,0.0005472380806575835
4,4096,9,10,findjs,0.017989062194824216,0.0019377541562755755
4,4096,9,10,minjs,0.01868195587158203,0.0018884690906176697
4,4096,9,10,ratio,0.08
4,4096,9,10,max,9.75,6.18465843842649
4,4096,9,10,min,0.0,0.0
4,8192,10,3,findpy,0.0023229265213012694,0.00016764552071045803
4,8192,10,3,minpy,0.003164348602294922,0.00021938419755047146
4,8192,10,3,jtbpy,1.0e9,0.0
4,8192,10,3,findjl,0.0011222845599999998,5.68803980493406e-5
4,8192,10,3,minjl,0.00121866294,6.794421493008595e-5
4,8192,10,3,findjs,0.005344013214111328,0.0004925330628009715
4,8192,10,3,minjs,0.006230451431274414,0.0005124996695055042
4,8192,10,3,ratio,0.98
4,8192,10,3,max,1858.5714285714287,44.586526365409235
4,8192,10,3,min,0.04081632653061224,0.19991494790174602
4,8192,10,5,findpy,0.006821775436401367,0.0012438928698913737
4,8192,10,5,minpy,0.00819352149963379,0.0015839952746988168
4,8192,10,5,jtbpy,1.0e9,0.0
4,8192,10,5,findjl,0.00227854594,0.00025257176468234017
4,8192,10,5,minjl,0.0025783500999999997,0.00031920638167647866
4,8192,10,5,findjs,0.014043494033813475,0.0025899131391975273
4,8192,10,5,minjs,0.015076754379272462,0.0027329022830619772
4,8192,10,5,ratio,0.76
4,8192,10,5,max,954.4473684210526,205.50000951777724
4,8192,10,5,min,0.07894736842105263,0.2732763127330939
4,8192,10,10,findpy,0.01999821662902832,0.0015914138140717884
4,8192,10,10,minpy,0.020010900497436524,0.0031116385646481003
4,8192,10,10,jtbpy,1.0e9,0.0
4,8192,10,10,findjl,0.00449761738,0.00023465725471513658
4,8192,10,10,minjl,0.00461682994,0.0005572174894973882
4,8192,10,10,findjs,0.034269655532836917,0.0017479596121547539
4,8192,10,10,minjs,0.03484264656066895,0.001779806265770417
4,8192,10,10,ratio,0.04
4,8192,10,10,max,15.5,3.5355339059327378
4,8192,10,10,min,0.0,0.0
4,16384,11,3,findpy,0.0040142822265625,0.0003169530142273885
4,16384,11,3,minpy,0.005435829162597656,0.00041457519515080717
4,16384,11,3,jtbpy,1.0e9,0.0
4,16384,11,3,findjl,0.00212381022,9.391852819968755e-5
4,16384,11,3,minjl,0.00222636948,0.00010578355077969742
4,16384,11,3,findjs,0.009996221237182617,0.001025930417824777
4,16384,11,3,minjs,0.011322833328247071,0.000531012854694287
4,16384,11,3,ratio,0.94
4,16384,11,3,max,3878.276595744681,71.78309784333076
4,16384,11,3,min,0.02127659574468085,0.14586499149789456
4,16384,11,5,findpy,0.012871394157409668,0.002048791243570943
4,16384,11,5,minpy,0.015270595550537109,0.002048613803583869
4,16384,11,5,jtbpy,1.0e9,0.0
4,16384,11,5,findjl,0.00441972696,0.0004460454174718434
4,16384,11,5,minjl,0.0048168342999999995,0.00044625310291871546
4,16384,11,5,findjs,0.02676287612915039,0.004390832302755722
4,16384,11,5,minjs,0.02867669692993164,0.0038008303118385388
4,16384,11,5,ratio,0.88
4,16384,11,5,max,2224.4545454545455,288.11580799405584
4,16384,11,5,min,0.0,0.0
4,16384,11,10,findpy,0.042786355018615725,0.003528617789868146
4,16384,11,10,minpy,0.043235492706298825,0.0056792750805761206
4,16384,11,10,jtbpy,1.0e9,0.0
4,16384,11,10,findjl,0.00918042124,0.0004941276888522559
4,16384,11,10,minjl,0.00940651706,0.0011063762070370135
4,16384,11,10,findjs,0.06754584449768065,0.0028092832848341824
4,16384,11,10,minjs,0.06818822654724122,0.00292390615306306
4,16384,11,10,ratio,0.04
4,16384,11,10,max,231.5,222.73863607376248
4,16384,11,10,min,0.0,0.0
4,32768,12,3,findpy,0.008132152557373047,0.0003947709116072693
4,32768,12,3,minpy,0.010696024894714355,0.0005502684738970699
4,32768,12,3,jtbpy,1.0e9,0.0
4,32768,12,3,findjl,0.00421351164,0.00012343184453311615
4,32768,12,3,minjl,0.00431853256,0.00016216435497939762
4,32768,12,3,findjs,0.014544398193359374,0.0004105641456283568
4,32768,12,3,minjs,0.01958992790222168,0.0010806048437733667
4,32768,12,3,ratio,0.98
4,32768,12,3,max,7927.163265306122,72.56041934679205
4,32768,12,3,min,0.02040816326530612,0.14285714285714288
4,32768,12,5,findpy,0.02384211540222168,0.004501728940964058
4,32768,12,5,minpy,0.027655038833618164,0.004696032705217166
4,32768,12,5,jtbpy,1.0e9,0.0
4,32768,12,5,findjl,0.008128060959999999,0.0009309138275354449
4,32768,12,5,minjl,0.00843557922,0.0009580967522094506
4,32768,12,5,findjs,0.047107230834960934,0.006796876231188664
4,32768,12,5,minjs,0.052546579589843746,0.007274701977009834
4,32768,12,5,ratio,0.92
4,32768,12,5,max,5245.826086956522,544.022315896358
4,32768,12,5,min,0.021739130434782608,0.1474419561548971
4,32768,12,10,findpy,0.09002328872680664,0.00838324306160361
4,32768,12,10,minpy,0.09784311294555664,0.02029855814510522
4,32768,12,10,jtbpy,1.0e9,0.0
4,32768,12,10,findjl,0.0196296268,0.0013602914973582622
4,32768,12,10,minjl,0.02143645824,0.004431971414848989
4,32768,12,10,findjs,0.16249825500488282,0.009028938885524997
4,32768,12,10,minjs,0.17104904701232912,0.011986961805667764
4,32768,12,10,ratio,0.18
4,32768,12,10,max,320.8888888888889,187.82068871961658
4,32768,12,10,min,0.0,0.0
4,65536,13,3,findpy,0.013861103057861328,0.0006966251564637249
4,65536,13,3,minpy,0.019037070274353026,0.0011124345316488385
4,65536,13,3,jtbpy,1.0e9,0.0
4,65536,13,3,findjl,0.00818661252,0.00021368692297045518
4,65536,13,3,minjl,0.008487459340000001,0.0002333631316367926
4,65536,13,3,findjs,0.025088171234130856,0.00224392498069433
4,65536,13,3,minjs,0.03305428535461426,0.002331652468267161
4,65536,13,3,ratio,0.98
4,65536,13,3,max,16071.979591836734,115.51145141570713
4,65536,13,3,min,0.0,0.0
4,65536,13,5,findpy,0.04098064422607422,0.010995134862959766
4,65536,13,5,minpy,0.04803572177886963,0.011076603048081541
4,65536,13,5,jtbpy,1.0e9,0.0
4,65536,13,5,findjl,0.01520601546,0.0025854055010926173
4,65536,13,5,minjl,0.01598720252,0.0025678209325587457
4,65536,13,5,findjs,0.08213173629760742,0.01715465948133074
4,65536,13,5,minjs,0.09259763015747069,0.01796757998219439
4,65536,13,5,ratio,0.98
4,65536,13,5,max,11790.65306122449,1258.296807709738
4,65536,13,5,min,0.061224489795918366,0.24222607082590247
4,65536,13,10,findpy,0.18334001541137696,0.017469139833127964
4,65536,13,10,minpy,0.19626967906951903,0.03239927927914529
4,65536,13,10,jtbpy,1.0e9,0.0
4,65536,13,10,findjl,0.04700139758,0.0033322077848230458
4,65536,13,10,minjl,0.05012670682,0.0076767838452286635
4,65536,13,10,findjs,0.40249548057556156,0.028141286681012408
4,65536,13,10,minjs,0.4111449001312256,0.03182018512162748
4,65536,13,10,ratio,0.18
4,65536,13,10,max,914.6666666666666,252.86755426507372
4,65536,13,10,min,0.1111111111111111,0.33333333333333337
4,131072,14,3,findpy,0.029428696632385253,0.001135628564865023
4,131072,14,3,minpy,0.03954992771148682,0.0015213716875094145
4,131072,14,3,jtbpy,1.0e9,0.0
4,131072,14,3,findjl,0.016477800679999998,0.0003287895007170589
4,131072,14,3,minjl,0.01697150454,0.0002767386171856115
4,131072,14,3,findjs,0.06412242393493651,0.006884885214890505
4,131072,14,3,minjs,0.08730203514099122,0.008030857426683987
4,131072,14,3,ratio,0.98
4,131072,14,3,max,32474.408163265307,101.2113955967383
4,131072,14,3,min,0.0,0.0
4,131072,14,5,findpy,0.06347305297851563,0.013386185128561235
4,131072,14,5,minpy,0.07499649047851563,0.013910475900651968
4,131072,14,5,jtbpy,1.0e9,0.0
4,131072,14,5,findjl,0.026246915880000003,0.0037479743893292037
4,131072,14,5,minjl,0.027384778760000002,0.0037380366109002784
4,131072,14,5,findjs,0.13820744499206544,0.024893732689382688
4,131072,14,5,minjs,0.15554045425415036,0.02606301972362176
4,131072,14,5,ratio,0.92
4,131072,14,5,max,27005.043478260868,1451.3816552439762
4,131072,14,5,min,0.06521739130434782,0.24963741822833801
4,131072,14,10,findpy,0.3795197582244873,0.03222472073666155
4,131072,14,10,minpy,0.406896653175354,0.056100852509010514
4,131072,14,10,jtbpy,1.0e9,0.0
4,131072,14,10,findjl,0.09701028462,0.00637851250040207
4,131072,14,10,minjl,0.10419074586,0.014763928390336432
4,131072,14,10,findjs,0.8607111504364013,0.08323894634722047
4,131072,14,10,minjs,0.878885407409668,0.07873866915030008
4,131072,14,10,ratio,0.24
4,131072,14,10,max,2743.25,1389.9840499411887
4,131072,14,10,min,0.0,0.0
