16 2.5742120000000004e-5 1.1449106486837245e-6
32 3.10144e-5 1.6107504398856568e-6
64 3.969462e-5 2.4961892825436365e-6
128 5.612346000000001e-5 4.904298952210505e-6
256 8.251744e-5 8.5769535958942e-6
512 0.00012694273999999998 1.51904570255574e-5
1024 0.00021819902000000003 2.6531712829997795e-5
2048 0.00035206334000000006 4.686033076987008e-5
4096 0.00060414848 5.7270741958696446e-5
8192 0.0011222845599999998 5.68803980493406e-5
16384 0.00212381022 9.391852819968755e-5
32768 0.00421351164 0.00012343184453311615
65536 0.00818661252 0.00021368692297045518
131072 0.016477800679999998 0.0003287895007170589
