16 2.7252280000000002e-5 1.5184434570457003e-6
32 3.400224e-5 1.4685696019999757e-6
64 4.534532000000001e-5 2.5196286853099473e-6
128 6.802156e-5 3.434995898521154e-6
256 0.00010757642000000002 7.299024332590974e-6
512 0.00019147906 1.1933825526217656e-5
1024 0.00033268528 1.9026856171126502e-5
2048 0.0006307007400000001 5.087172107462343e-5
4096 0.00121223094 0.00011132134280493694
8192 0.00227854594 0.00025257176468234017
16384 0.00441972696 0.0004460454174718434
32768 0.008128060959999999 0.0009309138275354449
65536 0.01520601546 0.0025854055010926173
131072 0.026246915880000003 0.0037479743893292037
