16 2.844582e-5 3.217701256347774e-6
32 3.6766099999999993e-5 1.6414143011937194e-6
64 5.1823720000000005e-5 2.4820864333977465e-6
128 8.653304000000001e-5 3.4453431982125363e-6
256 0.00014577845999999998 6.8537018455841266e-6
512 0.00026208438 1.4179732401392561e-5
1024 0.00055309154 2.7801530124686977e-5
2048 0.00111499842 5.601267671172159e-5
4096 0.0022088763 0.00011958624576263795
8192 0.00461835248 0.0002443576274459837
16384 0.00961165554 0.00046990127475665243
32768 0.02022550714 0.0013742695347062435
65536 0.047609846940000006 0.0032931827151211498
131072 0.09907118034 0.006642897750638772
