16 2.563232e-5 1.6226058965473422e-6
32 3.1420360000000006e-5 1.8972121088909509e-6
64 3.9422040000000006e-5 2.9205425199117107e-6
128 5.746144e-5 4.500422429877771e-6
256 8.494080000000001e-5 8.545143363457445e-6
512 0.0001360768 1.443564613117438e-5
1024 0.00023191285999999998 2.3619188978464274e-5
2048 0.00041312946000000004 4.4419359055097973e-5
4096 0.00071600734 7.118161154760893e-5
8192 0.0013690074199999996 8.82155245521086e-5
16384 0.0026835931599999995 0.00010940416168899536
32768 0.0052749092 0.0001396996975775728
65536 0.01015498628 0.00020842467402211798
131072 0.02076883718 0.000275581243269988
