16 0.0005503125 5.149355694423519e-5
32 0.0007192835235595703 3.2804549798557314e-5
64 0.000998355712890625 4.5427473956638324e-5
128 0.0013851754760742185 7.615727536819347e-5
256 0.002473544158935547 0.0001924135072840019
512 0.004488551254272461 0.0003286911578927308
1024 0.006807148818969726 0.0006939445778531877
2048 0.010290378265380857 0.00048269608118289744
4096 0.017989062194824216 0.0019377541562755755
8192 0.034269655532836917 0.0017479596121547539
16384 0.06754584449768065 0.0028092832848341824
32768 0.16249825500488282 0.009028938885524997
65536 0.40249548057556156 0.028141286681012408
131072 0.8607111504364013 0.08323894634722047
