16 2.923678e-5 2.5650851224289077e-6
32 3.73797e-5 1.9291017286788785e-6
64 5.257141999999999e-5 2.4004846712142724e-6
128 8.484278000000001e-5 4.8565677150659e-6
256 0.00014282168 7.921082191164516e-6
512 0.00026188034 1.3037409342021463e-5
1024 0.00053184442 2.889280455943652e-5
2048 0.00106054668 5.583067714424845e-5
4096 0.00214455718 9.549733718195756e-5
8192 0.00449761738 0.00023465725471513658
16384 0.00918042124 0.0004941276888522559
32768 0.0196296268 0.0013602914973582622
65536 0.04700139758 0.0033322077848230458
131072 0.09701028462 0.00637851250040207
