16 2.93946587537092 2.344780821972721
32 5.5131989781436275 3.4225128768905417
64 12.14936247723133 5.415582150816844
128 28.866087477531455 9.25494326628528
256 68.496253122398 16.16314893823252
512 159.77044422009087 27.16053182861522
1024 366.8780004660918 45.639065309319776
2048 819.1231755860239 69.23481304061171
4096 1779.9304892284836 96.75883679227356
8192 3763.0469917012447 126.28589865566765
16384 7801.639738882089 148.61949644589924
32768 15937.395210185934 168.68967934173887
65536 32273.75921450151 184.40505311910496
131072 64996.39026104418 197.39293117935708
