16 0.8013708410681136 1.502673369385169
32 1.217372791143283 1.7877744949673526
64 2.866193336974331 2.954375582416173
128 7.105582875325426 5.091991211086359
256 18.278467052660602 10.500476025728986
512 48.212655086848635 20.770100143304838
1024 125.56365482233502 44.65531702256864
2048 319.35650298606504 90.216886387902
4096 809.9044344653382 189.1577431093623
8192 1979.2795554469956 373.2074320772715
16384 4743.156315964893 721.0394701065213
32768 11063.528291909042 1289.3754412810033
65536 25056.121723038963 2173.97817265868
131072 55008.21422050918 3415.8627077651254
