16 3.73448e-5 7.21118453854702e-6
32 4.394624e-5 1.102515671888243e-5
64 5.6817320000000004e-5 1.3990778977072938e-5
128 8.30138e-5 2.0314528912548662e-5
256 0.00013282804 3.4477431587279094e-5
512 0.00022946262 5.152979112536826e-5
1024 0.00041898998 7.997923517082291e-5
2048 0.0007903028 0.00012231776620753014
4096 0.00140926258 0.00017461428085799484
8192 0.0025783500999999997 0.00031920638167647866
16384 0.0048168342999999995 0.00044625310291871546
32768 0.00843557922 0.0009580967522094506
65536 0.01598720252 0.0025678209325587457
131072 0.027384778760000002 0.0037380366109002784
