16 3.472348e-5 4.58706308708502e-6
32 4.169933999999999e-5 9.75526925037679e-6
64 5.549366e-5 1.2724312588160685e-5
128 7.618885999999999e-5 1.4479166075617274e-5
256 0.0001091164 1.986322813540598e-5
512 0.00016727788 2.7822700837691397e-5
1024 0.00028796221999999994 3.799131526605113e-5
2048 0.00048313192 5.5909028715146e-5
4096 0.00080422514 7.874773920823741e-5
8192 0.0014444194200000002 9.037452052275554e-5
16384 0.00280710872 0.0001243740089286392
32768 0.00527898388 0.00014115324546843053
65536 0.010495625900000001 0.00018998850545716436
131072 0.02127707086 0.0002453235704429935
