16 3.671854e-5 6.737054519625632e-6
32 4.408774e-5 1.2049404417172305e-5
64 5.514124e-5 1.4064565351003674e-5
128 8.566006e-5 2.0507042666232837e-5
256 0.0001322223 3.5665375961276276e-5
512 0.00023181337999999998 5.871670939102255e-5
1024 0.00045947688 9.174173283682661e-5
2048 0.00076640174 0.00014003048502537303
4096 0.0014445566399999999 0.0002096385927928192
8192 0.00279359368 0.00038246731347981486
16384 0.0051882828 0.0008155602933593868
32768 0.009033007259999998 0.0012699322139715834
65536 0.01684938088 0.002317392082244675
131072 0.031070474 0.004225249612373804
