16 0.0006221162414550782 0.00012620427638007265
32 0.0006714647674560546 7.122765689698519e-5
64 0.0008607067108154297 0.00011443378374413251
128 0.0011011893463134764 0.00012047371616956713
256 0.0014046556091308593 0.00013511131502621363
512 0.0022909534454345704 0.0002197972290837707
1024 0.003596568756103516 0.0005475740437279063
2048 0.005822454071044922 0.0007139499598781392
4096 0.009334133529663086 0.0009508402227057916
8192 0.015076754379272462 0.0027329022830619772
16384 0.02867669692993164 0.0038008303118385388
32768 0.052546579589843746 0.007274701977009834
65536 0.09259763015747069 0.01796757998219439
131072 0.15554045425415036 0.02606301972362176
