16 0.0006004585266113281 5.424528415591648e-5
32 0.0006921667480468749 8.044653236483052e-5
64 0.0008251663970947265 8.239517389703932e-5
128 0.0011072913360595702 0.0001716459492405528
256 0.001419973373413086 0.00024302404924743466
512 0.002178573989868164 0.00026218341037175967
1024 0.0036984041595458984 0.0004691294361124056
2048 0.00567110107421875 0.0010289919014722828
4096 0.009544970779418946 0.0012391310366608166
8192 0.01608011901855469 0.0024913673080069164
16384 0.03000961753845215 0.004662595578694765
32768 0.05020419288635254 0.008812909855971543
65536 0.08550643463134765 0.017245030716927692
131072 0.15489095115661622 0.027677079720652725
