16 3.9904759999999995e-5 9.008237673487573e-6
32 4.699802e-5 1.534446553486345e-5
64 6.447274e-5 2.324371153650477e-5
128 8.982420000000001e-5 1.5629309955128196e-5
256 0.00016470054 4.825941132459374e-5
512 0.00029604394 6.610076932566901e-5
1024 0.0005906277599999999 0.0001311725629083355
2048 0.0011729806400000002 0.0001674615203314018
4096 0.0024447031399999998 0.0005752109304816022
8192 0.00487360362 0.0008347464872590371
16384 0.009999116019999999 0.001384689435271089
32768 0.021495647460000003 0.00433708304726881
65536 0.051367647620000005 0.007704724848584622
131072 0.10785537481999999 0.018796575282748872
