16 0.0005617706298828125 5.428488928246784e-5
32 0.000639857177734375 7.828532317802587e-5
64 0.0007654588317871095 0.00013420954413866058
128 0.0008436786651611328 8.971350009850751e-5
256 0.0011031206512451173 0.00024089018902446444
512 0.001245914840698242 0.00018253577727652683
1024 0.0017767579650878906 0.00021215819912181197
2048 0.002783150024414062 0.0005900332374536123
4096 0.004432223510742187 0.0005473156154749049
8192 0.007943756637573242 0.001019625241413918
16384 0.01734708656311035 0.0005098597753883829
32768 0.021709087219238282 0.0009989021586592963
65536 0.03817228614807129 0.0020474862095419674
131072 0.08306213317871095 0.010869140417267597
