16 0.06797086962730259 0.40940909237714823
32 0.03938684266553119 0.27982770089164244
64 0.051064991807755325 0.3210926300371536
128 0.05640728955741973 0.29755979914500763
256 0.08188585607940446 0.43007455219762936
512 0.1022332506203474 0.42387189884800686
1024 0.13705583756345177 0.5564201956504407
2048 0.1584273390842734 0.5840223560419706
4096 0.17288801571709234 0.7174029149683799
8192 0.17244748412310698 0.7668552366662588
16384 0.14620597711365405 0.7530377690187355
32768 0.09487043892120571 0.5055123698906989
65536 0.06507659093245605 0.41608203087838375
131072 0.037427731007201544 0.2473616446580901
