16 0.01110494169905608 0.18118337787855912
32 0.0011750881316098707 0.034266123447892795
64 0.002172338884866039 0.06015368592164935
128 0.0011614401858304297 0.034079908829549865
256 0.0015748031496062992 0.03968378950662729
512 0.003913894324853229 0.0624997601775837
1024 0.004319654427645789 0.0656529095035951
2048 0.010309278350515464 0.10111418151273606
4096 0.005366726296958855 0.09450777803712541
8192 0.014684287812041116 0.12037415396978109
16384 0.02824858757062147 0.19696160739062507
32768 0.03614457831325301 0.2428558114813844
65536 0.06588950836289914 0.35134800099857016
131072 0.08683274021352314 0.38705136819167296
