16 0.06160237388724036 0.32632016333229086
32 0.07763269940391712 0.3653818429929661
64 0.08667273831208258 0.37686026950745594
128 0.10590173756740563 0.4409943601667181
256 0.11906744379683597 0.4577712251207493
512 0.11471479050984351 0.43695333390121915
1024 0.09100442787229084 0.37550037188973595
2048 0.06855373728438743 0.3093687470662803
4096 0.050196328133290884 0.25884012484664254
8192 0.03516597510373444 0.21632673049144954
16384 0.021623827009383926 0.16204590306135724
32768 0.01232821341956346 0.11395590486208765
65536 0.00795568982880161 0.09218178873175738
131072 0.0049196787148594375 0.07139180915902528
