16 6.309032440185547e-5 1.5481508978029736e-5
32 9.057044982910156e-5 2.5389637580032844e-5
64 0.00012930393218994141 3.558016913909599e-5
128 0.00019556999206542968 5.37831705153017e-5
256 0.0003055000305175781 7.935126864217581e-5
512 0.0005089521408081054 0.00010786195400494605
1024 0.0007451105117797851 0.00017032400553688632
2048 0.0011810636520385742 0.00023077785352860024
4096 0.0017755365371704102 0.0003064251532801294
8192 0.003164348602294922 0.00021938419755047146
16384 0.005435829162597656 0.00041457519515080717
32768 0.010696024894714355 0.0005502684738970699
65536 0.019037070274353026 0.0011124345316488385
131072 0.03954992771148682 0.0015213716875094145
