16 6.166458129882812e-5 1.4693931715363522e-5
32 8.474349975585937e-5 2.8921607843401893e-5
64 0.00013454437255859376 4.542242521323497e-5
128 0.00020272731781005858 5.5409234220421125e-5
256 0.0002927112579345703 8.396039159899263e-5
512 0.00046374320983886717 0.0001326561789149364
1024 0.0007406044006347657 0.00015652566088683083
2048 0.0011476564407348633 0.00022147030368469174
4096 0.0019526290893554688 0.00031296729178292154
8192 0.003157353401184082 0.0003431079858338421
16384 0.005907726287841797 0.00037442405644333616
32768 0.010269942283630372 0.0005934527324377504
65536 0.020402302742004396 0.000516906992469041
131072 0.03953178405761719 0.0004506069604747884
