16 0.022012963189433778 0.16553509370754266
32 0.029261901295676226 0.19721353820285908
64 0.035336803912289 0.22190138926525235
128 0.041795188155459594 0.23356795150460088
256 0.04819102749638206 0.24209977495646476
512 0.051633298208640675 0.2545229760620071
1024 0.04626506024096386 0.237530121723641
2048 0.03363152530857207 0.1999466058351024
4096 0.02727468736524364 0.17987701821403818
8192 0.020704151339989492 0.1564670925118205
16384 0.010918829831067161 0.10876996804297183
32768 0.00609570252971655 0.07784060971661486
65536 0.004340803553401979 0.06574494139668298
131072 0.0018103188172583727 0.042511449297724664
