Results are written to 'results.ans'.
rdiv,n,xysz,d,alg,avgtime,stdtime
2,16,1,3,wzlpy,4.102706909179688e-5,8.364414908848879e-6
2,16,1,3,minpy,6.166458129882812e-5,1.4693931715363522e-5
2,16,1,3,jtbpy,0.010454769134521485,0.005490577764980578
2,16,1,3,wzljl,2.563232e-5,1.6226058965473422e-6
2,16,1,3,minjl,3.472348e-5,4.58706308708502e-6
2,16,1,3,wzljs,0.00047349082946777335,0.00010547384297479279
2,16,1,3,minjs,0.0005617706298828125,5.428488928246784e-5
2,16,1,3,ratio,0.8
2,16,1,3,max,2.75,2.238932896006603
2,16,1,3,min,0.025,0.15811388300841894
2,16,1,5,wzlpy,5.143165588378906e-5,6.964714658906453e-6
2,16,1,5,minpy,7.668495178222656e-5,2.2869106211626815e-5
2,16,1,5,jtbpy,0.010630207061767578,0.008187828692482626
2,16,1,5,wzljl,2.75025e-5,2.612069874756846e-6
2,16,1,5,minjl,3.671854e-5,6.737054519625632e-6
2,16,1,5,wzljs,0.0005065702819824218,9.376008233857966e-5
2,16,1,5,minjs,0.0006004585266113281,5.424528415591648e-5
2,16,1,5,ratio,0.68
2,16,1,5,max,0.6176470588235294,1.0448925095464312
2,16,1,5,min,0.058823529411764705,0.3429971702850177
2,16,1,10,wzlpy,6.429672241210938e-5,6.8326092126776894e-6
2,16,1,10,minpy,9.963035583496094e-5,3.417291386005382e-5
2,16,1,10,jtbpy,0.014774904251098633,0.022118339609665864
2,16,1,10,wzljl,2.844582e-5,3.217701256347774e-6
2,16,1,10,minjl,3.9904759999999995e-5,9.008237673487573e-6
2,16,1,10,wzljs,0.0005522677612304687,2.151382703484962e-5
2,16,1,10,minjs,0.0006923016357421875,0.0001409744183270288
2,16,1,10,ratio,0.6
2,16,1,10,max,0.0,0.0
2,16,1,10,min,0.0,0.0
2,32,2,3,wzlpy,5.969047546386719e-5,1.1525682321426563e-5
2,32,2,3,minpy,8.474349975585937e-5,2.8921607843401893e-5
2,32,2,3,jtbpy,0.05109832763671875,0.02135369163129182
2,32,2,3,wzljl,3.1420360000000006e-5,1.8972121088909509e-6
2,32,2,3,minjl,4.169933999999999e-5,9.75526925037679e-6
2,32,2,3,wzljs,0.0005195130157470702,2.910464673008313e-5
2,32,2,3,minjs,0.000639857177734375,7.828532317802587e-5
2,32,2,3,ratio,0.58
2,32,2,3,max,5.379310344827586,3.8490610460163635
2,32,2,3,min,0.1724137931034483,0.6017216678143156
2,32,2,5,wzlpy,7.98797607421875e-5,1.1321074852614284e-5
2,32,2,5,minpy,0.00011096954345703125,4.141254399582981e-5
2,32,2,5,jtbpy,0.05674093723297119,0.031083734969396617
2,32,2,5,wzljl,3.413272e-5,1.6449756159721205e-6
2,32,2,5,minjl,4.408774e-5,1.2049404417172305e-5
2,32,2,5,wzljs,0.0005840955352783203,2.3792681454459412e-5
2,32,2,5,minjs,0.0006921667480468749,8.044653236483052e-5
2,32,2,5,ratio,0.44
2,32,2,5,max,2.0454545454545454,2.3999458868358383
2,32,2,5,min,0.09090909090909091,0.426401432711221
2,32,2,10,wzlpy,0.00010698318481445313,1.3435287471169495e-5
2,32,2,10,minpy,0.0001402711868286133,5.93805110285517e-5
2,32,2,10,jtbpy,0.08128551483154296,0.08562680089305273
2,32,2,10,wzljl,3.6766099999999993e-5,1.6414143011937194e-6
2,32,2,10,minjl,4.699802e-5,1.534446553486345e-5
2,32,2,10,wzljs,0.0007040747833251954,2.9447340926537904e-5
2,32,2,10,minjs,0.0008093894958496092,0.00011034929678707161
2,32,2,10,ratio,0.28
2,32,2,10,max,0.0,0.0
2,32,2,10,min,0.0,0.0
2,64,3,3,wzlpy,8.477687835693359e-5,1.8853264628666027e-5
2,64,3,3,minpy,0.00013454437255859376,4.542242521323497e-5
2,64,3,3,jtbpy,0.2852148914337158,0.06024667581768306
2,64,3,3,wzljl,3.9422040000000006e-5,2.9205425199117107e-6
2,64,3,3,minjl,5.549366e-5,1.2724312588160685e-5
2,64,3,3,wzljs,0.0006137384796142579,8.048061768677174e-5
2,64,3,3,minjs,0.0007654588317871095,0.00013420954413866058
2,64,3,3,ratio,0.7
2,64,3,3,max,13.2,6.711710573581776
2,64,3,3,min,0.17142857142857143,0.5136784463246316
2,64,3,5,wzlpy,0.00012664318084716796,1.8612530099101476e-5
2,64,3,5,minpy,0.0001610088348388672,5.665063640048047e-5
2,64,3,5,jtbpy,0.34158332824707033,0.0944993164466739
2,64,3,5,wzljl,4.560124e-5,2.1072959611205783e-6
2,64,3,5,minjl,5.514124e-5,1.4064565351003674e-5
2,64,3,5,wzljs,0.0007319869995117187,3.647869270114827e-5
2,64,3,5,minjs,0.0008251663970947265,8.239517389703932e-5
2,64,3,5,ratio,0.32
2,64,3,5,max,2.6875,2.651257563245538
2,64,3,5,min,0.0,0.0
2,64,3,10,wzlpy,0.00018490314483642577,1.903745900396466e-5
2,64,3,10,minpy,0.00023163795471191405,9.788305874003504e-5
2,64,3,10,jtbpy,0.4609930419921875,0.0632536568649729
2,64,3,10,wzljl,5.1823720000000005e-5,2.4820864333977465e-6
2,64,3,10,minjl,6.447274e-5,2.324371153650477e-5
2,64,3,10,wzljs,0.0009756582641601563,0.0001231277489237444
2,64,3,10,minjs,0.0010370401763916016,9.015437279916897e-5
2,64,3,10,ratio,0.22
2,64,3,10,max,0.09090909090909091,0.3015113445777636
2,64,3,10,min,0.0,0.0
2,128,4,3,wzlpy,0.00013802528381347655,3.1409110844053524e-5
2,128,4,3,minpy,0.00020272731781005858,5.5409234220421125e-5
2,128,4,3,jtbpy,1.8325988864898681,0.3083647850185268
2,128,4,3,wzljl,5.746144e-5,4.500422429877771e-6
2,128,4,3,minjl,7.618885999999999e-5,1.4479166075617274e-5
2,128,4,3,wzljs,0.0007012187957763671,4.879785356133202e-5
2,128,4,3,minjs,0.0008436786651611328,8.971350009850751e-5
2,128,4,3,ratio,0.64
2,128,4,3,max,30.0,9.615176176400816
2,128,4,3,min,0.0625,0.24593468841898236
2,128,4,5,wzlpy,0.00022239208221435546,3.3711226389132995e-5
2,128,4,5,minpy,0.0002832794189453125,9.038795528563675e-5
2,128,4,5,jtbpy,2.4454775428771973,0.4174371359780675
2,128,4,5,wzljl,7.004126000000001e-5,3.861102046392074e-6
2,128,4,5,minjl,8.566006e-5,2.0507042666232837e-5
2,128,4,5,wzljs,0.0009609321594238282,6.665135941956625e-5
2,128,4,5,minjs,0.0011072913360595702,0.0001716459492405528
2,128,4,5,ratio,0.34
2,128,4,5,max,8.470588235294118,5.789188706749241
2,128,4,5,min,0.11764705882352941,0.3321055820775357
2,128,4,10,wzlpy,0.0003464412689208984,2.9360486990004695e-5
2,128,4,10,minpy,0.0003555727005004883,8.124901419522412e-5
2,128,4,10,jtbpy,3.4127004098892213,0.26452635774285277
2,128,4,10,wzljl,8.653304000000001e-5,3.4453431982125363e-6
2,128,4,10,minjl,8.982420000000001e-5,1.5629309955128196e-5
2,128,4,10,wzljs,0.0014509777832031252,9.870001208731136e-5
2,128,4,10,minjs,0.0014787485504150393,0.00010033039686620965
2,128,4,10,ratio,0.02
2,128,4,10,max,0.0,NaN
2,128,4,10,min,0.0,NaN
2,256,5,3,wzlpy,0.00020862102508544921,4.698740008128752e-5
2,256,5,3,minpy,0.0002927112579345703,8.396039159899263e-5
2,256,5,3,jtbpy,11.64485318183899,2.7429169442291994
2,256,5,3,wzljl,8.494080000000001e-5,8.545143363457445e-6
2,256,5,3,minjl,0.0001091164,1.986322813540598e-5
2,256,5,3,wzljs,0.0009038969421386719,0.0001001965777036848
2,256,5,3,minjs,0.0011031206512451173,0.00024089018902446444
2,256,5,3,ratio,0.66
2,256,5,3,max,68.27272727272727,14.78020789618825
2,256,5,3,min,0.09090909090909091,0.2919371040605713
2,256,5,5,wzlpy,0.0003881740570068359,4.982694862088235e-5
2,256,5,5,minpy,0.00046721458435058596,0.00015180450199681877
2,256,5,5,jtbpy,18.449603176116945,1.9857795194821612
2,256,5,5,wzljl,0.00011112312,6.351095491684076e-6
2,256,5,5,minjl,0.0001322223,3.5665375961276276e-5
2,256,5,5,wzljs,0.0012667442321777345,0.00017180134758592458
2,256,5,5,minjs,0.001419973373413086,0.00024302404924743466
2,256,5,5,ratio,0.28
2,256,5,5,max,19.928571428571427,9.691108420484337
2,256,5,5,min,0.2857142857142857,1.0690449676496974
2,256,5,10,wzlpy,0.000677642822265625,5.970352223719427e-5
2,256,5,10,minpy,0.000739145278930664,0.0002318887334752085
2,256,5,10,jtbpy,1.0000002437526233e8,3.0304575515808547e8
2,256,5,10,wzljl,0.00014577845999999998,6.8537018455841266e-6
2,256,5,10,minjl,0.00016470054,4.825941132459374e-5
2,256,5,10,wzljs,0.002466921157836914,0.00019100022427310674
2,256,5,10,minjs,0.002589391937255859,0.00018949891369169876
2,256,5,10,ratio,0.08
2,256,5,10,max,0.25,0.5
2,256,5,10,min,0.0,0.0
2,512,6,3,wzlpy,0.0003386878967285156,9.300201003111393e-5
2,512,6,3,minpy,0.00046374320983886717,0.0001326561789149364
2,512,6,3,jtbpy,9.800000005242947e8,1.414213525299856e8
2,512,6,3,wzljl,0.0001360768,1.443564613117438e-5
2,512,6,3,minjl,0.00016727788,2.7822700837691397e-5
2,512,6,3,wzljs,0.001024073028564453,0.00014179588428068536
2,512,6,3,minjs,0.001245914840698242,0.00018253577727652683
2,512,6,3,ratio,0.68
2,512,6,3,max,158.94117647058823,31.232210622883496
2,512,6,3,min,0.08823529411764706,0.2879022412812366
2,512,6,5,wzlpy,0.0006865978240966797,0.00010905052392422439
2,512,6,5,minpy,0.000841069221496582,0.00024072513385932644
2,512,6,5,jtbpy,1.0e9,0.0
2,512,6,5,wzljl,0.00019212078,1.5734151100996192e-5
2,512,6,5,minjl,0.00023181337999999998,5.871670939102255e-5
2,512,6,5,wzljs,0.0020294503021240236,0.000370267739161935
2,512,6,5,minjs,0.002178573989868164,0.00026218341037175967
2,512,6,5,ratio,0.32
2,512,6,5,max,66.375,31.12742627758785
2,512,6,5,min,0.4375,1.75
2,512,6,10,wzlpy,0.001360640525817871,0.00011891741355284975
2,512,6,10,minpy,0.001421337127685547,0.0002972176826632435
2,512,6,10,jtbpy,1.0e9,0.0
2,512,6,10,wzljl,0.00026208438,1.4179732401392561e-5
2,512,6,10,minjl,0.00029604394,6.610076932566901e-5
2,512,6,10,wzljs,0.00439690284729004,0.0003907852836313976
2,512,6,10,minjs,0.004493750610351562,0.0003305401377176157
2,512,6,10,ratio,0.06
2,512,6,10,max,1.0,1.0
2,512,6,10,min,0.0,0.0
2,1024,7,3,wzlpy,0.0005080032348632812,0.00011557349915428499
2,1024,7,3,minpy,0.0007406044006347657,0.00015652566088683083
2,1024,7,3,jtbpy,1.0e9,0.0
2,1024,7,3,wzljl,0.00023191285999999998,2.3619188978464274e-5
2,1024,7,3,minjl,0.00028796221999999994,3.799131526605113e-5
2,1024,7,3,wzljs,0.0014115254211425781,0.0002071572184708284
2,1024,7,3,minjs,0.0017767579650878906,0.00021215819912181197
2,1024,7,3,ratio,0.96
2,1024,7,3,max,378.375,44.875537097479224
2,1024,7,3,min,0.16666666666666666,0.47639306734033093
2,1024,7,5,wzlpy,0.0013119363784790039,0.0001673885252328888
2,1024,7,5,minpy,0.0016905546188354492,0.0004015283662922421
2,1024,7,5,jtbpy,1.0e9,0.0
2,1024,7,5,wzljl,0.00034612848,2.4498475882822272e-5
2,1024,7,5,minjl,0.00045947688,9.174173283682661e-5
2,1024,7,5,wzljs,0.0032371801757812503,0.0003512160134299962
2,1024,7,5,minjs,0.0036984041595458984,0.0004691294361124056
2,1024,7,5,ratio,0.58
2,1024,7,5,max,117.44827586206897,39.029829441170975
2,1024,7,5,min,0.20689655172413793,0.9403384779971361
2,1024,7,10,wzlpy,0.002618060111999512,0.0002334766635647416
2,1024,7,10,minpy,0.0027113103866577147,0.0005898076494065497
2,1024,7,10,jtbpy,1.0e9,0.0
2,1024,7,10,wzljl,0.00055309154,2.7801530124686977e-5
2,1024,7,10,minjl,0.0005906277599999999,0.0001311725629083355
2,1024,7,10,wzljs,0.006682904815673828,0.0003037063955864352
2,1024,7,10,minjs,0.00680666358947754,0.0003540039606563186
2,1024,7,10,ratio,0.04
2,1024,7,10,max,6.0,0.0
2,1024,7,10,min,0.0,0.0
2,2048,8,3,wzlpy,0.0008304452896118164,0.000175648958942232
2,2048,8,3,minpy,0.0011476564407348633,0.00022147030368469174
2,2048,8,3,jtbpy,1.0e9,0.0
2,2048,8,3,wzljl,0.00041312946000000004,4.4419359055097973e-5
2,2048,8,3,minjl,0.00048313192,5.5909028715146e-5
2,2048,8,3,wzljs,0.0022283630371093747,0.00039192071136490316
2,2048,8,3,minjs,0.002783150024414062,0.0005900332374536123
2,2048,8,3,ratio,0.9
2,2048,8,3,max,804.4222222222222,70.71469208564567
2,2048,8,3,min,0.044444444444444446,0.20840907713999274
2,2048,8,5,wzlpy,0.002181062698364258,0.0003377161965991375
2,2048,8,5,minpy,0.002583303451538086,0.0006581773663060232
2,2048,8,5,jtbpy,1.0e9,0.0
2,2048,8,5,wzljl,0.00066468158,5.7625734777232275e-5
2,2048,8,5,minjl,0.00076640174,0.00014003048502537303
2,2048,8,5,wzljs,0.0052799049377441395,0.0010025963524932856
2,2048,8,5,minjs,0.00567110107421875,0.0010289919014722828
2,2048,8,5,ratio,0.46
2,2048,8,5,max,310.4347826086956,92.09620764423796
2,2048,8,5,min,0.17391304347826086,0.491026190103531
2,2048,8,10,wzlpy,0.004953150749206543,0.0004539677047858131
2,2048,8,10,minpy,0.005114970207214356,0.0009195584461863344
2,2048,8,10,jtbpy,1.0e9,0.0
2,2048,8,10,wzljl,0.00111499842,5.601267671172159e-5
2,2048,8,10,minjl,0.0011729806400000002,0.0001674615203314018
2,2048,8,10,wzljs,0.010424828567504884,0.0005905252537571116
2,2048,8,10,minjs,0.010677460784912109,0.000558044190644725
2,2048,8,10,ratio,0.06
2,2048,8,10,max,2.6666666666666665,0.5773502691896258
2,2048,8,10,min,0.0,0.0
2,4096,9,3,wzlpy,0.0013992500305175782,0.00026623073681906995
2,4096,9,3,minpy,0.0019526290893554688,0.00031296729178292154
2,4096,9,3,jtbpy,1.0e9,0.0
2,4096,9,3,wzljl,0.00071600734,7.118161154760893e-5
2,4096,9,3,minjl,0.00080422514,7.874773920823741e-5
2,4096,9,3,wzljs,0.0035767756652832034,0.0005489104827771007
2,4096,9,3,minjs,0.004432223510742187,0.0005473156154749049
2,4096,9,3,ratio,0.96
2,4096,9,3,max,1760.7291666666667,111.17146801863525
2,4096,9,3,min,0.0625,0.24462302739504083
2,4096,9,5,wzlpy,0.003789658546447754,0.0006144909631281705
2,4096,9,5,minpy,0.004567255973815918,0.0010143168072284435
2,4096,9,5,jtbpy,1.0e9,0.0
2,4096,9,5,wzljl,0.0012671232000000003,0.00012639059329906557
2,4096,9,5,minjl,0.0014445566399999999,0.0002096385927928192
2,4096,9,5,wzljs,0.00893556251525879,0.00142589424486129
2,4096,9,5,minjs,0.009544970779418946,0.0012391310366608166
2,4096,9,5,ratio,0.58
2,4096,9,5,max,783.8275862068965,183.79259835973446
2,4096,9,5,min,0.10344827586206896,0.40925259281898757
2,4096,9,10,wzlpy,0.009305505752563477,0.0008103431356495485
2,4096,9,10,minpy,0.010250124931335449,0.0027151647135526006
2,4096,9,10,jtbpy,1.0e9,0.0
2,4096,9,10,wzljl,0.0022088763,0.00011958624576263795
2,4096,9,10,minjl,0.0024447031399999998,0.0005752109304816022
2,4096,9,10,wzljs,0.017862922897338866,0.0017870295091815917
2,4096,9,10,minjs,0.01872761863708496,0.0020000455905121455
2,4096,9,10,ratio,0.14
2,4096,9,10,max,26.857142857142858,16.707568857941514
2,4096,9,10,min,0.0,0.0
2,8192,10,3,wzlpy,0.002321305274963379,0.00029315787387224334
2,8192,10,3,minpy,0.003157353401184082,0.0003431079858338421
2,8192,10,3,jtbpy,1.0e9,0.0
2,8192,10,3,wzljl,0.0013690074199999996,8.82155245521086e-5
2,8192,10,3,minjl,0.0014444194200000002,9.037452052275554e-5
2,8192,10,3,wzljs,0.006387113647460937,0.001034587881952383
2,8192,10,3,minjs,0.007943756637573242,0.001019625241413918
2,8192,10,3,ratio,0.98
2,8192,10,3,max,3722.918367346939,121.94668178051796
2,8192,10,3,min,0.0,0.0
2,8192,10,5,wzlpy,0.0068801212310791015,0.001262439712513813
2,8192,10,5,minpy,0.008635444641113281,0.0016298142155937293
2,8192,10,5,jtbpy,1.0e9,0.0
2,8192,10,5,wzljl,0.0024304327400000002,0.00023607532232568465
2,8192,10,5,minjl,0.00279359368,0.00038246731347981486
2,8192,10,5,wzljs,0.014205103912353516,0.0024310232080300737
2,8192,10,5,minjs,0.01608011901855469,0.0024913673080069164
2,8192,10,5,ratio,0.82
2,8192,10,5,max,1960.5853658536585,407.57692375855606
2,8192,10,5,min,0.2682926829268293,0.7079685813615756
2,8192,10,10,wzlpy,0.019849205017089845,0.0017004992003493136
2,8192,10,10,minpy,0.02052831172943115,0.0037649607665329933
2,8192,10,10,jtbpy,1.0e9,0.0
2,8192,10,10,wzljl,0.00461835248,0.0002443576274459837
2,8192,10,10,minjl,0.00487360362,0.0008347464872590371
2,8192,10,10,wzljs,0.03438125556945801,0.002025007150624627
2,8192,10,10,minjs,0.03477037780761719,0.002017369703884431
2,8192,10,10,ratio,0.08
2,8192,10,10,max,89.5,94.73647660748209
2,8192,10,10,min,0.0,0.0
2,16384,11,3,wzlpy,0.0043587350845336915,0.00035087110826524887
2,16384,11,3,minpy,0.005907726287841797,0.00037442405644333616
2,16384,11,3,jtbpy,1.0e9,0.0
2,16384,11,3,wzljl,0.0026835931599999995,0.00010940416168899536
2,16384,11,3,minjl,0.00280710872,0.0001243740089286392
2,16384,11,3,wzljs,0.010326017074584961,0.0006540897178151288
2,16384,11,3,minjs,0.01734708656311035,0.0005098597753883829
2,16384,11,3,ratio,1.0
2,16384,11,3,max,7779.38,156.26101789725328
2,16384,11,3,min,0.06,0.31363569143000214
2,16384,11,5,wzlpy,0.012153234481811524,0.0022940446007440004
2,16384,11,5,minpy,0.015388216972351074,0.003004492281336637
2,16384,11,5,jtbpy,1.0e9,0.0
2,16384,11,5,wzljl,0.0045766156,0.0004295964378921127
2,16384,11,5,minjl,0.0051882828,0.0008155602933593868
2,16384,11,5,wzljs,0.025977238388061524,0.005256717275641124
2,16384,11,5,minjs,0.03000961753845215,0.004662595578694765
2,16384,11,5,ratio,0.94
2,16384,11,5,max,4840.936170212766,719.3691803075235
2,16384,11,5,min,0.1276595744680851,0.49418449629033095
2,16384,11,10,wzlpy,0.04299909591674805,0.0034423931843228835
2,16384,11,10,minpy,0.04438673496246338,0.006791969588372204
2,16384,11,10,jtbpy,1.0e9,0.0
2,16384,11,10,wzljl,0.00961165554,0.00046990127475665243
2,16384,11,10,minjl,0.009999116019999999,0.001384689435271089
2,16384,11,10,wzljs,0.06828358695983887,0.003230967159614405
2,16384,11,10,minjs,0.06937021980285644,0.0032736338458064563
2,16384,11,10,ratio,0.08
2,16384,11,10,max,275.0,143.12465429361453
2,16384,11,10,min,0.0,0.0
2,32768,12,3,wzlpy,0.0074441289901733395,0.0003945362670913028
2,32768,12,3,minpy,0.010269942283630372,0.0005934527324377504
2,32768,12,3,jtbpy,1.0e9,0.0
2,32768,12,3,wzljl,0.0052749092,0.0001396996975775728
2,32768,12,3,minjl,0.00527898388,0.00014115324546843053
2,32768,12,3,wzljs,0.015362477264404296,0.00047814277120290625
2,32768,12,3,minjs,0.021709087219238282,0.0009989021586592963
2,32768,12,3,ratio,0.98
2,32768,12,3,max,15956.469387755102,167.5803416823326
2,32768,12,3,min,0.0,0.0
2,32768,12,5,wzlpy,0.0211121129989624,0.00584604497447765
2,32768,12,5,minpy,0.02534843921661377,0.006473588774464995
2,32768,12,5,jtbpy,1.0e9,0.0
2,32768,12,5,wzljl,0.008583705,0.0009877131772406897
2,32768,12,5,minjl,0.009033007259999998,0.0012699322139715834
2,32768,12,5,wzljs,0.04335239624023437,0.00843646426931044
2,32768,12,5,minjs,0.05020419288635254,0.008812909855971543
2,32768,12,5,ratio,0.88
2,32768,12,5,max,11385.977272727272,1388.0240010095054
2,32768,12,5,min,0.13636363636363635,0.6321211648244563
2,32768,12,10,wzlpy,0.08966516971588134,0.008226927458992964
2,32768,12,10,minpy,0.09471400737762452,0.019399213691854864
2,32768,12,10,jtbpy,1.0e9,0.0
2,32768,12,10,wzljl,0.02022550714,0.0013742695347062435
2,32768,12,10,minjl,0.021495647460000003,0.00433708304726881
2,32768,12,10,wzljs,0.16058169403076172,0.01096243034409122
2,32768,12,10,minjs,0.1678775104522705,0.013460626211863043
2,32768,12,10,ratio,0.12
2,32768,12,10,max,640.3333333333334,528.4050214245382
2,32768,12,10,min,0.0,0.0
2,65536,13,3,wzlpy,0.014723272323608398,0.0005889733112112308
2,65536,13,3,minpy,0.020402302742004396,0.000516906992469041
2,65536,13,3,jtbpy,1.0e9,0.0
2,65536,13,3,wzljl,0.01015498628,0.00020842467402211798
2,65536,13,3,minjl,0.010495625900000001,0.00018998850545716436
2,65536,13,3,wzljs,0.027654056625366213,0.0023782068492340307
2,65536,13,3,minjs,0.03817228614807129,0.0020474862095419674
2,65536,13,3,ratio,1.0
2,65536,13,3,max,32245.1,187.00379238760624
2,65536,13,3,min,0.0,0.0
2,65536,13,5,wzlpy,0.03650099277496338,0.0098887342291833
2,65536,13,5,minpy,0.043667140007019045,0.00984621774819537
2,65536,13,5,jtbpy,1.0e9,0.0
2,65536,13,5,wzljl,0.01610125582,0.0023630825388317217
2,65536,13,5,minjl,0.01684938088,0.002317392082244675
2,65536,13,5,wzljs,0.07267970085144043,0.01635275507047338
2,65536,13,5,minjs,0.08550643463134765,0.017245030716927692
2,65536,13,5,ratio,0.94
2,65536,13,5,max,25379.468085106382,2243.7156183735074
2,65536,13,5,min,0.0,0.0
2,65536,13,10,wzlpy,0.18011882781982422,0.0173234038992928
2,65536,13,10,minpy,0.19590607643127442,0.03305485850276948
2,65536,13,10,jtbpy,1.0e9,0.0
2,65536,13,10,wzljl,0.047609846940000006,0.0032931827151211498
2,65536,13,10,minjl,0.051367647620000005,0.007704724848584622
2,65536,13,10,wzljs,0.3965012626647949,0.029944297296757644
2,65536,13,10,minjs,0.40700611877441406,0.03082660793170634
2,65536,13,10,ratio,0.22
2,65536,13,10,max,2289.181818181818,1503.319780897053
2,65536,13,10,min,0.18181818181818182,0.6030226891555273
2,131072,14,3,wzlpy,0.02778656005859375,0.00047782300721267826
2,131072,14,3,minpy,0.03953178405761719,0.0004506069604747884
2,131072,14,3,jtbpy,1.0e9,0.0
2,131072,14,3,wzljl,0.02076883718,0.000275581243269988
2,131072,14,3,minjl,0.02127707086,0.0002453235704429935
2,131072,14,3,wzljs,0.06024155426025391,0.00854883706011647
2,131072,14,3,minjs,0.08306213317871095,0.010869140417267597
2,131072,14,3,ratio,1.0
2,131072,14,3,max,64964.5,175.4486086742049
2,131072,14,3,min,0.0,0.0
2,131072,14,5,wzlpy,0.058353114128112796,0.015099985053573857
2,131072,14,5,minpy,0.07261126041412354,0.015070191193257065
2,131072,14,5,jtbpy,1.0e9,0.0
2,131072,14,5,wzljl,0.02998572116,0.0042736373265310525
2,131072,14,5,minjl,0.031070474,0.004225249612373804
2,131072,14,5,wzljs,0.13160183616638182,0.027421653695218914
2,131072,14,5,minjs,0.15489095115661622,0.027677079720652725
2,131072,14,5,ratio,1.0
2,131072,14,5,max,55466.6,3203.4038975146805
2,131072,14,5,min,0.0,0.0
2,131072,14,10,wzlpy,0.37842373371124266,0.03338654730499646
2,131072,14,10,minpy,0.4096053409576416,0.06971930723394498
2,131072,14,10,jtbpy,1.0e9,0.0
2,131072,14,10,wzljl,0.09907118034,0.006642897750638772
2,131072,14,10,minjl,0.10785537481999999,0.018796575282748872
2,131072,14,10,wzljs,0.8213549794769287,0.06696459171549583
2,131072,14,10,minjs,0.8374311052703857,0.07412619149522372
2,131072,14,10,ratio,0.22
2,131072,14,10,max,5042.0,1754.5659292258015
2,131072,14,10,min,0.09090909090909091,0.3015113445777636
4,16,1,3,wzlpy,4.200458526611328e-5,8.75485069984426e-6
4,16,1,3,minpy,6.309032440185547e-5,1.5481508978029736e-5
4,16,1,3,jtbpy,0.0058130788803100585,0.0030923650223950478
4,16,1,3,wzljl,2.5742120000000004e-5,1.1449106486837245e-6
4,16,1,3,minjl,3.54129e-5,5.124050144929799e-6
4,16,1,3,wzljs,0.0004645397186279297,0.00010285955202056564
4,16,1,3,minjs,0.0005754837799072266,9.65002774219694e-5
4,16,1,3,ratio,0.82
4,16,1,3,max,1.170731707317073,1.1380342487023456
4,16,1,3,min,0.024390243902439025,0.15617376188860604
4,16,1,5,wzlpy,5.005359649658203e-5,7.474773016521941e-6
4,16,1,5,minpy,7.924556732177734e-5,2.236885512071576e-5
4,16,1,5,jtbpy,0.006410517692565918,0.005515647176298137
4,16,1,5,wzljl,2.7252280000000002e-5,1.5184434570457003e-6
4,16,1,5,minjl,3.73448e-5,7.21118453854702e-6
4,16,1,5,wzljs,0.0004892955780029296,6.60761730175132e-5
4,16,1,5,minjs,0.0006221162414550782,0.00012620427638007265
4,16,1,5,ratio,0.7
4,16,1,5,max,0.5714285714285714,1.0651074037450894
4,16,1,5,min,0.02857142857142857,0.1690308509457033
4,16,1,10,wzlpy,6.180286407470704e-5,8.113568398699459e-6
4,16,1,10,minpy,8.422374725341797e-5,3.067847463645127e-5
4,16,1,10,jtbpy,0.010498485565185546,0.015803024466701898
4,16,1,10,wzljl,2.923678e-5,2.5650851224289077e-6
4,16,1,10,minjl,3.6720899999999996e-5,8.691367625056345e-6
4,16,1,10,wzljs,0.0005503125,5.149355694423519e-5
4,16,1,10,minjs,0.0006387448120117188,9.961359597496125e-5
4,16,1,10,ratio,0.42
4,16,1,10,max,0.047619047619047616,0.2182178902359924
4,16,1,10,min,0.0,0.0
4,32,2,3,wzlpy,6.0448646545410154e-5,1.0193865664503935e-5
4,32,2,3,minpy,9.057044982910156e-5,2.5389637580032844e-5
4,32,2,3,jtbpy,0.027089552879333498,0.01199278257624239
4,32,2,3,wzljl,3.10144e-5,1.6107504398856568e-6
4,32,2,3,minjl,4.2941579999999994e-5,7.86136657666166e-6
4,32,2,3,wzljs,0.0005088508605957031,8.527881090018091e-5
4,32,2,3,minjs,0.0006327862548828125,0.0001167790584300409
4,32,2,3,ratio,0.7
4,32,2,3,max,2.5142857142857142,2.0489800701156398
4,32,2,3,min,0.02857142857142857,0.16903085094570333
4,32,2,5,wzlpy,8.261680603027343e-5,1.0325034075620864e-5
4,32,2,5,minpy,0.00011318683624267578,3.921026229409252e-5
4,32,2,5,jtbpy,0.028883452415466308,0.01111129402817339
4,32,2,5,wzljl,3.400224e-5,1.4685696019999757e-6
4,32,2,5,minjl,4.394624e-5,1.102515671888243e-5
4,32,2,5,wzljs,0.0005710589599609375,2.8334512467234406e-5
4,32,2,5,minjs,0.0006714647674560546,7.122765689698519e-5
4,32,2,5,ratio,0.44
4,32,2,5,max,0.4090909090909091,0.5903260526902472
4,32,2,5,min,0.045454545454545456,0.21320071635561047
4,32,2,10,wzlpy,0.00010744094848632812,1.1603524518939405e-5
4,32,2,10,minpy,0.00013701915740966798,5.535837730711951e-5
4,32,2,10,jtbpy,0.03431059837341308,0.008435782506544472
4,32,2,10,wzljl,3.73797e-5,1.9291017286788785e-6
4,32,2,10,minjl,4.666482e-5,1.4504528509864408e-5
4,32,2,10,wzljs,0.0007192835235595703,3.2804549798557314e-5
4,32,2,10,minjs,0.0007983787536621095,6.77993269464525e-5
4,32,2,10,ratio,0.26
4,32,2,10,max,0.0,0.0
4,32,2,10,min,0.0,0.0
4,64,3,3,wzlpy,9.223461151123047e-5,1.592425806588106e-5
4,64,3,3,minpy,0.00012930393218994141,3.558016913909599e-5
4,64,3,3,jtbpy,0.1469069528579712,0.03177379211418345
4,64,3,3,wzljl,3.969462e-5,2.4961892825436365e-6
4,64,3,3,minjl,5.1714719999999996e-5,1.0159732519056568e-5
4,64,3,3,wzljs,0.000615731201171875,2.976156976000746e-5
4,64,3,3,minjs,0.0007413227844238281,7.075980445545668e-5
4,64,3,3,ratio,0.6
4,64,3,3,max,5.533333333333333,2.7257815498442395
4,64,3,3,min,0.03333333333333333,0.18257418583505533
4,64,3,5,wzlpy,0.00012973785400390624,1.7434781261699085e-5
4,64,3,5,minpy,0.00017232894897460936,5.610544970378799e-5
4,64,3,5,jtbpy,0.16688406467437744,0.0409419599279731
4,64,3,5,wzljl,4.534532000000001e-5,2.5196286853099473e-6
4,64,3,5,minjl,5.6817320000000004e-5,1.3990778977072938e-5
4,64,3,5,wzljs,0.0007511467742919922,9.365838226895712e-5
4,64,3,5,minjs,0.0008607067108154297,0.00011443378374413251
4,64,3,5,ratio,0.42
4,64,3,5,max,1.619047619047619,1.6874889770363086
4,64,3,5,min,0.0,0.0
4,64,3,10,wzlpy,0.00018786907196044922,1.8229374198479943e-5
4,64,3,10,minpy,0.00022374153137207033,9.196981714944265e-5
4,64,3,10,jtbpy,0.2451862621307373,0.1069704967515307
4,64,3,10,wzljl,5.257141999999999e-5,2.4004846712142724e-6
4,64,3,10,minjl,6.136265999999999e-5,2.0988576517453002e-5
4,64,3,10,wzljs,0.000998355712890625,4.5427473956638324e-5
4,64,3,10,minjs,0.0010616785430908205,8.617354443223598e-5
4,64,3,10,ratio,0.14
4,64,3,10,max,0.0,0.0
4,64,3,10,min,0.0,0.0
4,128,4,3,wzlpy,0.00014142990112304689,3.120791978817519e-5
4,128,4,3,minpy,0.00019556999206542968,5.37831705153017e-5
4,128,4,3,jtbpy,0.9066324377059937,0.17455600348574743
4,128,4,3,wzljl,5.612346000000001e-5,4.904298952210505e-6
4,128,4,3,minjl,7.230841999999999e-5,1.4115065397912506e-5
4,128,4,3,wzljs,0.0007448956298828124,5.034068002006338e-5
4,128,4,3,minjs,0.0008812413024902343,9.025047110464288e-5
4,128,4,3,ratio,0.62
4,128,4,3,max,13.290322580645162,4.927430353893712
4,128,4,3,min,0.12903225806451613,0.49946207622941485
4,128,4,5,wzlpy,0.00022234439849853517,3.44982566143787e-5
4,128,4,5,minpy,0.00027825355529785155,9.069580788129689e-5
4,128,4,5,jtbpy,1.2199592113494873,0.16666178244917018
4,128,4,5,wzljl,6.802156e-5,3.434995898521154e-6
4,128,4,5,minjl,8.30138e-5,2.0314528912548662e-5
4,128,4,5,wzljs,0.000979480209350586,6.998712985333127e-5
4,128,4,5,minjs,0.0011011893463134764,0.00012047371616956713
4,128,4,5,ratio,0.36
4,128,4,5,max,2.388888888888889,1.576999716098631
4,128,4,5,min,0.05555555555555555,0.23570226039551584
4,128,4,10,wzlpy,0.00034573078155517576,2.748139158228113e-5
4,128,4,10,minpy,0.0003838682174682617,0.00011789342450441769
4,128,4,10,jtbpy,1.73848801612854,0.35973774653047697
4,128,4,10,wzljl,8.484278000000001e-5,4.8565677150659e-6
4,128,4,10,minjl,9.324366000000001e-5,2.5104619270540147e-5
4,128,4,10,wzljs,0.0013851754760742185,7.615727536819347e-5
4,128,4,10,minjs,0.0014514126586914061,9.934880907499034e-5
4,128,4,10,ratio,0.1
4,128,4,10,max,0.0,0.0
4,128,4,10,min,0.0,0.0
4,256,5,3,wzlpy,0.0002226877212524414,4.9224042795057315e-5
4,256,5,3,minpy,0.0003055000305175781,7.935126864217581e-5
4,256,5,3,jtbpy,5.977856736183167,1.2975568827869586
4,256,5,3,wzljl,8.251744e-5,8.5769535958942e-6
4,256,5,3,minjl,0.00010561854,1.7219413320743895e-5
4,256,5,3,wzljs,0.0008519041442871095,8.605455694104709e-5
4,256,5,3,minjs,0.0010078367614746093,0.0001224650184058367
4,256,5,3,ratio,0.7
4,256,5,3,max,31.542857142857144,8.367805451086138
4,256,5,3,min,0.0,0.0
4,256,5,5,wzlpy,0.0004003429412841797,5.6503249958886276e-5
4,256,5,5,minpy,0.0004958200454711914,0.00015516504829712153
4,256,5,5,jtbpy,9.221411805152893,1.2927750098965929
4,256,5,5,wzljl,0.00010757642000000002,7.299024332590974e-6
4,256,5,5,minjl,0.00013282804,3.4477431587279094e-5
4,256,5,5,wzljs,0.0012691085052490237,0.0001070941670894201
4,256,5,5,minjs,0.0014046556091308593,0.00013511131502621363
4,256,5,5,ratio,0.34
4,256,5,5,max,8.529411764705882,4.515496194478846
4,256,5,5,min,0.11764705882352941,0.48507125007266605
4,256,5,10,wzlpy,0.0006977939605712891,6.0521461995037785e-5
4,256,5,10,minpy,0.0007329463958740234,0.00015894504144744573
4,256,5,10,jtbpy,14.161723494529724,1.4626771758903594
4,256,5,10,wzljl,0.00014282168,7.921082191164516e-6
4,256,5,10,minjl,0.00015673416,3.137903391312129e-5
4,256,5,10,wzljs,0.002473544158935547,0.0001924135072840019
4,256,5,10,minjs,0.002553795166015625,0.00018326597143473588
4,256,5,10,ratio,0.06
4,256,5,10,max,0.0,0.0
4,256,5,10,min,0.0,0.0
4,512,6,3,wzlpy,0.0003455543518066406,8.060302250912447e-5
4,512,6,3,minpy,0.0005089521408081054,0.00010786195400494605
4,512,6,3,jtbpy,7.000000068976145e8,4.6291003924302554e8
4,512,6,3,wzljl,0.00012694273999999998,1.51904570255574e-5
4,512,6,3,minjl,0.00016857268000000002,2.1746653447857772e-5
4,512,6,3,wzljs,0.0010219415283203126,0.00013704360449461476
4,512,6,3,minjs,0.001283219223022461,0.00021677032194474642
4,512,6,3,ratio,0.92
4,512,6,3,max,77.3695652173913,14.019603252671555
4,512,6,3,min,0.10869565217391304,0.37878524373260003
4,512,6,5,wzlpy,0.0007361268997192383,7.888616946377766e-5
4,512,6,5,minpy,0.0008879041671752929,0.00023540158101746257
4,512,6,5,jtbpy,1.0e9,0.0
4,512,6,5,wzljl,0.00019147906,1.1933825526217656e-5
4,512,6,5,minjl,0.00022946262,5.152979112536826e-5
4,512,6,5,wzljs,0.0021366225433349607,0.0002000131099669031
4,512,6,5,minjs,0.0022909534454345704,0.0002197972290837707
4,512,6,5,ratio,0.32
4,512,6,5,max,22.75,7.1507575356274895
4,512,6,5,min,0.0625,0.25
4,512,6,10,wzlpy,0.0013939571380615235,0.00011890140439334507
4,512,6,10,minpy,0.0013614606857299805,0.0001174887342928369
4,512,6,10,jtbpy,1.0e9,0.0
4,512,6,10,wzljl,0.00026188034,1.3037409342021463e-5
4,512,6,10,minjl,0.00027431694,1.5012993669308392e-5
4,512,6,10,wzljs,0.004488551254272461,0.0003286911578927308
4,512,6,10,minjs,0.004546271896362305,0.0003476534811938682
4,512,6,10,ratio,0.0
4,512,6,10,max,NaN,NaN
4,512,6,10,min,NaN,NaN
4,1024,7,3,wzlpy,0.0005826473236083985,0.00013921211964308046
4,1024,7,3,minpy,0.0007451105117797851,0.00017032400553688632
4,1024,7,3,jtbpy,1.0e9,0.0
4,1024,7,3,wzljl,0.00021819902000000003,2.6531712829997795e-5
4,1024,7,3,minjl,0.0002625639,3.270421805675962e-5
4,1024,7,3,wzljs,0.0015143309020996096,0.0002554178867176075
4,1024,7,3,minjs,0.001781808090209961,0.0002660966845486924
4,1024,7,3,ratio,0.76
4,1024,7,3,max,168.89473684210526,26.272778506838915
4,1024,7,3,min,0.02631578947368421,0.16222142113076254
4,1024,7,5,wzlpy,0.0013449668884277343,0.00015597144725460613
4,1024,7,5,minpy,0.001575603485107422,0.00037993998110217496
4,1024,7,5,jtbpy,1.0e9,0.0
4,1024,7,5,wzljl,0.00033268528,1.9026856171126502e-5
4,1024,7,5,minjl,0.00041898998,7.997923517082291e-5
4,1024,7,5,wzljs,0.0032437485504150394,0.0003336406644947025
4,1024,7,5,minjs,0.003596568756103516,0.0005475740437279063
4,1024,7,5,ratio,0.42
4,1024,7,5,max,51.285714285714285,14.88335599635666
4,1024,7,5,min,0.047619047619047616,0.2182178902359924
4,1024,7,10,wzlpy,0.002646641731262207,0.0002599092852940383
4,1024,7,10,minpy,0.002781386375427246,0.0007462527043323276
4,1024,7,10,jtbpy,1.0e9,0.0
4,1024,7,10,wzljl,0.00053184442,2.889280455943652e-5
4,1024,7,10,minjl,0.00058443754,0.00014558745621555
4,1024,7,10,wzljs,0.006807148818969726,0.0006939445778531877
4,1024,7,10,minjs,0.006953225021362305,0.0006902513064450338
4,1024,7,10,ratio,0.08
4,1024,7,10,max,0.5,0.5773502691896257
4,1024,7,10,min,0.0,0.0
4,2048,8,3,wzlpy,0.000865316390991211,0.00020549140706101717
4,2048,8,3,minpy,0.0011810636520385742,0.00023077785352860024
4,2048,8,3,jtbpy,1.0e9,0.0
4,2048,8,3,wzljl,0.00035206334000000006,4.686033076987008e-5
4,2048,8,3,minjl,0.00042104088,5.2107793359942325e-5
4,2048,8,3,wzljs,0.0021466925811767577,0.0004381197258943603
4,2048,8,3,minjs,0.0025096875762939453,0.00045226667909833735
4,2048,8,3,ratio,0.88
4,2048,8,3,max,401.0681818181818,38.42201266308746
4,2048,8,3,min,0.045454545454545456,0.21070705494148542
4,2048,8,5,wzlpy,0.0022248554229736327,0.00031675983330083557
4,2048,8,5,minpy,0.0028591346740722656,0.0006066781771157949
4,2048,8,5,jtbpy,1.0e9,0.0
4,2048,8,5,wzljl,0.0006307007400000001,5.087172107462343e-5
4,2048,8,5,minjl,0.0007903028,0.00012231776620753014
4,2048,8,5,wzljs,0.005251735153198243,0.0006875709541765736
4,2048,8,5,minjs,0.005822454071044922,0.0007139499598781392
4,2048,8,5,ratio,0.74
4,2048,8,5,max,151.16216216216216,43.78578759363813
4,2048,8,5,min,0.02702702702702703,0.1643989873053573
4,2048,8,10,wzlpy,0.004797115325927735,0.0004585782361966763
4,2048,8,10,minpy,0.005091490745544433,0.001168039160300243
4,2048,8,10,jtbpy,1.0e9,0.0
4,2048,8,10,wzljl,0.00106054668,5.583067714424845e-5
4,2048,8,10,minjl,0.00114197968,0.00024354942069676998
4,2048,8,10,wzljs,0.010290378265380857,0.00048269608118289744
4,2048,8,10,minjs,0.010558964614868166,0.0005345383564411447
4,2048,8,10,ratio,0.08
4,2048,8,10,max,7.75,4.573474244670748
4,2048,8,10,min,0.0,0.0
4,4096,9,3,wzlpy,0.0012836360931396484,0.00021450061356636783
4,4096,9,3,minpy,0.0017755365371704102,0.0003064251532801294
4,4096,9,3,jtbpy,1.0e9,0.0
4,4096,9,3,wzljl,0.00060414848,5.7270741958696446e-5
4,4096,9,3,minjl,0.00068280672,7.14598612663481e-5
4,4096,9,3,wzljs,0.0032032324218749996,0.0007127540799815019
4,4096,9,3,minjs,0.0037694946289062504,0.0005697402260300421
4,4096,9,3,ratio,0.92
4,4096,9,3,max,871.1304347826087,49.26418969671002
4,4096,9,3,min,0.043478260869565216,0.20618457094236223
4,4096,9,5,wzlpy,0.0038364744186401368,0.0005953395673083463
4,4096,9,5,minpy,0.0047086429595947265,0.0008775391700993462
4,4096,9,5,jtbpy,1.0e9,0.0
4,4096,9,5,wzljl,0.00121223094,0.00011132134280493694
4,4096,9,5,minjl,0.00140926258,0.00017461428085799484
4,4096,9,5,wzljs,0.008491880187988281,0.0009194095811846299
4,4096,9,5,minjs,0.009334133529663086,0.0009508402227057916
4,4096,9,5,ratio,0.68
4,4096,9,5,max,382.29411764705884,82.02162664246941
4,4096,9,5,min,0.0,0.0
4,4096,9,10,wzlpy,0.009342145919799805,0.000659761682327419
4,4096,9,10,minpy,0.009820709228515625,0.0025090047531382462
4,4096,9,10,jtbpy,1.0e9,0.0
4,4096,9,10,wzljl,0.00214455718,9.549733718195756e-5
4,4096,9,10,minjl,0.0023295468000000003,0.0005472380806575835
4,4096,9,10,wzljs,0.017989062194824216,0.0019377541562755755
4,4096,9,10,minjs,0.01868195587158203,0.0018884690906176697
4,4096,9,10,ratio,0.08
4,4096,9,10,max,9.75,6.18465843842649
4,4096,9,10,min,0.0,0.0
4,8192,10,3,wzlpy,0.0023229265213012694,0.00016764552071045803
4,8192,10,3,minpy,0.003164348602294922,0.00021938419755047146
4,8192,10,3,jtbpy,1.0e9,0.0
4,8192,10,3,wzljl,0.0011222845599999998,5.68803980493406e-5
4,8192,10,3,minjl,0.00121866294,6.794421493008595e-5
4,8192,10,3,wzljs,0.005344013214111328,0.0004925330628009715
4,8192,10,3,minjs,0.006230451431274414,0.0005124996695055042
4,8192,10,3,ratio,0.98
4,8192,10,3,max,1858.5714285714287,44.586526365409235
4,8192,10,3,min,0.04081632653061224,0.19991494790174602
4,8192,10,5,wzlpy,0.006821775436401367,0.0012438928698913737
4,8192,10,5,minpy,0.00819352149963379,0.0015839952746988168
4,8192,10,5,jtbpy,1.0e9,0.0
4,8192,10,5,wzljl,0.00227854594,0.00025257176468234017
4,8192,10,5,minjl,0.0025783500999999997,0.00031920638167647866
4,8192,10,5,wzljs,0.014043494033813475,0.0025899131391975273
4,8192,10,5,minjs,0.015076754379272462,0.0027329022830619772
4,8192,10,5,ratio,0.76
4,8192,10,5,max,954.4473684210526,205.50000951777724
4,8192,10,5,min,0.07894736842105263,0.2732763127330939
4,8192,10,10,wzlpy,0.01999821662902832,0.0015914138140717884
4,8192,10,10,minpy,0.020010900497436524,0.0031116385646481003
4,8192,10,10,jtbpy,1.0e9,0.0
4,8192,10,10,wzljl,0.00449761738,0.00023465725471513658
4,8192,10,10,minjl,0.00461682994,0.0005572174894973882
4,8192,10,10,wzljs,0.034269655532836917,0.0017479596121547539
4,8192,10,10,minjs,0.03484264656066895,0.001779806265770417
4,8192,10,10,ratio,0.04
4,8192,10,10,max,15.5,3.5355339059327378
4,8192,10,10,min,0.0,0.0
4,16384,11,3,wzlpy,0.0040142822265625,0.0003169530142273885
4,16384,11,3,minpy,0.005435829162597656,0.00041457519515080717
4,16384,11,3,jtbpy,1.0e9,0.0
4,16384,11,3,wzljl,0.00212381022,9.391852819968755e-5
4,16384,11,3,minjl,0.00222636948,0.00010578355077969742
4,16384,11,3,wzljs,0.009996221237182617,0.001025930417824777
4,16384,11,3,minjs,0.011322833328247071,0.000531012854694287
4,16384,11,3,ratio,0.94
4,16384,11,3,max,3878.276595744681,71.78309784333076
4,16384,11,3,min,0.02127659574468085,0.14586499149789456
4,16384,11,5,wzlpy,0.012871394157409668,0.002048791243570943
4,16384,11,5,minpy,0.015270595550537109,0.002048613803583869
4,16384,11,5,jtbpy,1.0e9,0.0
4,16384,11,5,wzljl,0.00441972696,0.0004460454174718434
4,16384,11,5,minjl,0.0048168342999999995,0.00044625310291871546
4,16384,11,5,wzljs,0.02676287612915039,0.004390832302755722
4,16384,11,5,minjs,0.02867669692993164,0.0038008303118385388
4,16384,11,5,ratio,0.88
4,16384,11,5,max,2224.4545454545455,288.11580799405584
4,16384,11,5,min,0.0,0.0
4,16384,11,10,wzlpy,0.042786355018615725,0.003528617789868146
4,16384,11,10,minpy,0.043235492706298825,0.0056792750805761206
4,16384,11,10,jtbpy,1.0e9,0.0
4,16384,11,10,wzljl,0.00918042124,0.0004941276888522559
4,16384,11,10,minjl,0.00940651706,0.0011063762070370135
4,16384,11,10,wzljs,0.06754584449768065,0.0028092832848341824
4,16384,11,10,minjs,0.06818822654724122,0.00292390615306306
4,16384,11,10,ratio,0.04
4,16384,11,10,max,231.5,222.73863607376248
4,16384,11,10,min,0.0,0.0
4,32768,12,3,wzlpy,0.008132152557373047,0.0003947709116072693
4,32768,12,3,minpy,0.010696024894714355,0.0005502684738970699
4,32768,12,3,jtbpy,1.0e9,0.0
4,32768,12,3,wzljl,0.00421351164,0.00012343184453311615
4,32768,12,3,minjl,0.00431853256,0.00016216435497939762
4,32768,12,3,wzljs,0.014544398193359374,0.0004105641456283568
4,32768,12,3,minjs,0.01958992790222168,0.0010806048437733667
4,32768,12,3,ratio,0.98
4,32768,12,3,max,7927.163265306122,72.56041934679205
4,32768,12,3,min,0.02040816326530612,0.14285714285714288
4,32768,12,5,wzlpy,0.02384211540222168,0.004501728940964058
4,32768,12,5,minpy,0.027655038833618164,0.004696032705217166
4,32768,12,5,jtbpy,1.0e9,0.0
4,32768,12,5,wzljl,0.008128060959999999,0.0009309138275354449
4,32768,12,5,minjl,0.00843557922,0.0009580967522094506
4,32768,12,5,wzljs,0.047107230834960934,0.006796876231188664
4,32768,12,5,minjs,0.052546579589843746,0.007274701977009834
4,32768,12,5,ratio,0.92
4,32768,12,5,max,5245.826086956522,544.022315896358
4,32768,12,5,min,0.021739130434782608,0.1474419561548971
4,32768,12,10,wzlpy,0.09002328872680664,0.00838324306160361
4,32768,12,10,minpy,0.09784311294555664,0.02029855814510522
4,32768,12,10,jtbpy,1.0e9,0.0
4,32768,12,10,wzljl,0.0196296268,0.0013602914973582622
4,32768,12,10,minjl,0.02143645824,0.004431971414848989
4,32768,12,10,wzljs,0.16249825500488282,0.009028938885524997
4,32768,12,10,minjs,0.17104904701232912,0.011986961805667764
4,32768,12,10,ratio,0.18
4,32768,12,10,max,320.8888888888889,187.82068871961658
4,32768,12,10,min,0.0,0.0
4,65536,13,3,wzlpy,0.013861103057861328,0.0006966251564637249
4,65536,13,3,minpy,0.019037070274353026,0.0011124345316488385
4,65536,13,3,jtbpy,1.0e9,0.0
4,65536,13,3,wzljl,0.00818661252,0.00021368692297045518
4,65536,13,3,minjl,0.008487459340000001,0.0002333631316367926
4,65536,13,3,wzljs,0.025088171234130856,0.00224392498069433
4,65536,13,3,minjs,0.03305428535461426,0.002331652468267161
4,65536,13,3,ratio,0.98
4,65536,13,3,max,16071.979591836734,115.51145141570713
4,65536,13,3,min,0.0,0.0
4,65536,13,5,wzlpy,0.04098064422607422,0.010995134862959766
4,65536,13,5,minpy,0.04803572177886963,0.011076603048081541
4,65536,13,5,jtbpy,1.0e9,0.0
4,65536,13,5,wzljl,0.01520601546,0.0025854055010926173
4,65536,13,5,minjl,0.01598720252,0.0025678209325587457
4,65536,13,5,wzljs,0.08213173629760742,0.01715465948133074
4,65536,13,5,minjs,0.09259763015747069,0.01796757998219439
4,65536,13,5,ratio,0.98
4,65536,13,5,max,11790.65306122449,1258.296807709738
4,65536,13,5,min,0.061224489795918366,0.24222607082590247
4,65536,13,10,wzlpy,0.18334001541137696,0.017469139833127964
4,65536,13,10,minpy,0.19626967906951903,0.03239927927914529
4,65536,13,10,jtbpy,1.0e9,0.0
4,65536,13,10,wzljl,0.04700139758,0.0033322077848230458
4,65536,13,10,minjl,0.05012670682,0.0076767838452286635
4,65536,13,10,wzljs,0.40249548057556156,0.028141286681012408
4,65536,13,10,minjs,0.4111449001312256,0.03182018512162748
4,65536,13,10,ratio,0.18
4,65536,13,10,max,914.6666666666666,252.86755426507372
4,65536,13,10,min,0.1111111111111111,0.33333333333333337
4,131072,14,3,wzlpy,0.029428696632385253,0.001135628564865023
4,131072,14,3,minpy,0.03954992771148682,0.0015213716875094145
4,131072,14,3,jtbpy,1.0e9,0.0
4,131072,14,3,wzljl,0.016477800679999998,0.0003287895007170589
4,131072,14,3,minjl,0.01697150454,0.0002767386171856115
4,131072,14,3,wzljs,0.06412242393493651,0.006884885214890505
4,131072,14,3,minjs,0.08730203514099122,0.008030857426683987
4,131072,14,3,ratio,0.98
4,131072,14,3,max,32474.408163265307,101.2113955967383
4,131072,14,3,min,0.0,0.0
4,131072,14,5,wzlpy,0.06347305297851563,0.013386185128561235
4,131072,14,5,minpy,0.07499649047851563,0.013910475900651968
4,131072,14,5,jtbpy,1.0e9,0.0
4,131072,14,5,wzljl,0.026246915880000003,0.0037479743893292037
4,131072,14,5,minjl,0.027384778760000002,0.0037380366109002784
4,131072,14,5,wzljs,0.13820744499206544,0.024893732689382688
4,131072,14,5,minjs,0.15554045425415036,0.02606301972362176
4,131072,14,5,ratio,0.92
4,131072,14,5,max,27005.043478260868,1451.3816552439762
4,131072,14,5,min,0.06521739130434782,0.24963741822833801
4,131072,14,10,wzlpy,0.3795197582244873,0.03222472073666155
4,131072,14,10,minpy,0.406896653175354,0.056100852509010514
4,131072,14,10,jtbpy,1.0e9,0.0
4,131072,14,10,wzljl,0.09701028462,0.00637851250040207
4,131072,14,10,minjl,0.10419074586,0.014763928390336432
4,131072,14,10,wzljs,0.8607111504364013,0.08323894634722047
4,131072,14,10,minjs,0.878885407409668,0.07873866915030008
4,131072,14,10,ratio,0.24
4,131072,14,10,max,2743.25,1389.9840499411887
4,131072,14,10,min,0.0,0.0
