16 0.0362761428835832 0.31466968041732085
32 0.02389345867606737 0.1809311718802982
64 0.055756698044895005 0.3326515501312768
128 0.11382113821138211 0.4075530047640322
256 0.31181102362204727 0.8199613529813583
512 1.0117416829745598 2.656818659970042
1024 2.7473002159827216 3.231150507865653
2048 8.602061855670103 10.49480370616224
4096 26.88908765652952 28.01801530770203
8192 79.57562408223201 71.03317737011186
16384 234.4870056497175 178.6115793211835
32768 712.3697289156627 454.53996839215364
65536 1974.6436898124682 1078.8496762723105
131072 5537.158007117438 2578.5542116964443
