16 1.3288492112021524 1.2206798332358753
32 2.5044402387538214 1.7692741969933539
64 5.798548666982174 2.8129256565168235
128 13.660857495373227 4.657533188190278
256 32.26599131693198 7.981389446815249
512 76.2750263435195 13.39382367287227
1024 176.06168674698796 21.770795027576092
2048 397.3826293737969 34.57632602090237
4096 869.754312203536 49.420470106019124
8192 1854.6392012611666 63.66315997151171
16384 3865.170683971982 78.94678098923812
32768 7927.360357614549 89.71635110113186
65536 16091.737532808398 98.0091959058446
131072 32449.16262697375 106.86387675222404
