16 0.33975659229208927 0.7246933994927606
32 0.5214285714285715 0.8897772320736967
64 1.3371212121212122 1.549014001260809
128 3.2971614429331755 2.6902802883946606
256 8.759269988412514 4.934251966504857
512 22.9203026481715 9.95094952642727
1024 58.26342099543577 19.686470380273263
2048 149.23362831858407 41.25442650065924
4096 374.6045434165297 82.20733715002255
8192 926.1161804395322 164.7825305888339
16384 2242.4229398919665 317.26286276492056
32768 5262.482544861337 591.0651153869721
65536 12046.114522212909 1021.3035792187328
131072 26729.38672394395 1632.660033899474
