16 0.013232861606322368 0.14793134459618074
32 0.012006196746707979 0.1254635849910078
64 0.029710144927536233 0.18220684891787767
128 0.06598407281001138 0.32750336689399273
256 0.17377567140600317 0.507670087706068
512 0.5159362549800797 1.0490681255553453
1024 1.345132743362832 1.9232267393595532
2048 4.030864197530864 5.12896304646808
4096 13.259920634920634 13.934735008428403
8192 38.10692771084337 29.39519584322297
16384 115.55651237890204 85.62179570583858
32768 332.1423047177108 211.81477724071203
65536 935.4443853113359 478.8545582251969
131072 2616.5146262188514 1112.6315460413014
