16 0.0006387448120117188 9.961359597496125e-5
32 0.0007983787536621095 6.77993269464525e-5
64 0.0010616785430908205 8.617354443223598e-5
128 0.0014514126586914061 9.934880907499034e-5
256 0.002553795166015625 0.00018326597143473588
512 0.004546271896362305 0.0003476534811938682
1024 0.006953225021362305 0.0006902513064450338
2048 0.010558964614868166 0.0005345383564411447
4096 0.01868195587158203 0.0018884690906176697
8192 0.03484264656066895 0.001779806265770417
16384 0.06818822654724122 0.00292390615306306
32768 0.17104904701232912 0.011986961805667764
65536 0.4111449001312256 0.03182018512162748
131072 0.878885407409668 0.07873866915030008
