16 0.0005754837799072266 9.65002774219694e-5
32 0.0006327862548828125 0.0001167790584300409
64 0.0007413227844238281 7.075980445545668e-5
128 0.0008812413024902343 9.025047110464288e-5
256 0.0010078367614746093 0.0001224650184058367
512 0.001283219223022461 0.00021677032194474642
1024 0.001781808090209961 0.0002660966845486924
2048 0.0025096875762939453 0.00045226667909833735
4096 0.0037694946289062504 0.0005697402260300421
8192 0.006230451431274414 0.0005124996695055042
16384 0.011322833328247071 0.000531012854694287
32768 0.01958992790222168 0.0010806048437733667
65536 0.03305428535461426 0.002331652468267161
131072 0.08730203514099122 0.008030857426683987
