16 3.54129e-5 5.124050144929799e-6
32 4.2941579999999994e-5 7.86136657666166e-6
64 5.1714719999999996e-5 1.0159732519056568e-5
128 7.230841999999999e-5 1.4115065397912506e-5
256 0.00010561854 1.7219413320743895e-5
512 0.00016857268000000002 2.1746653447857772e-5
1024 0.0002625639 3.270421805675962e-5
2048 0.00042104088 5.2107793359942325e-5
4096 0.00068280672 7.14598612663481e-5
8192 0.00121866294 6.794421493008595e-5
16384 0.00222636948 0.00010578355077969742
32768 0.00431853256 0.00016216435497939762
65536 0.008487459340000001 0.0002333631316367926
131072 0.01697150454 0.0002767386171856115
