16 0.0006923016357421875 0.0001409744183270288
32 0.0008093894958496092 0.00011034929678707161
64 0.0010370401763916016 9.015437279916897e-5
128 0.0014787485504150393 0.00010033039686620965
256 0.002589391937255859 0.00018949891369169876
512 0.004493750610351562 0.0003305401377176157
1024 0.00680666358947754 0.0003540039606563186
2048 0.010677460784912109 0.000558044190644725
4096 0.01872761863708496 0.0020000455905121455
8192 0.03477037780761719 0.002017369703884431
16384 0.06937021980285644 0.0032736338458064563
32768 0.1678775104522705 0.013460626211863043
65536 0.40700611877441406 0.03082660793170634
131072 0.8374311052703857 0.07412619149522372
