16 3.6720899999999996e-5 8.691367625056345e-6
32 4.666482e-5 1.4504528509864408e-5
64 6.136265999999999e-5 2.0988576517453002e-5
128 9.324366000000001e-5 2.5104619270540147e-5
256 0.00015673416 3.137903391312129e-5
512 0.00027431694 1.5012993669308392e-5
1024 0.00058443754 0.00014558745621555
2048 0.00114197968 0.00024354942069676998
4096 0.0023295468000000003 0.0005472380806575835
8192 0.00461682994 0.0005572174894973882
16384 0.00940651706 0.0011063762070370135
32768 0.02143645824 0.004431971414848989
65536 0.05012670682 0.0076767838452286635
131072 0.10419074586 0.014763928390336432
