16 9.963035583496094e-5 3.417291386005382e-5
32 0.0001402711868286133 5.93805110285517e-5
64 0.00023163795471191405 9.788305874003504e-5
128 0.0003555727005004883 8.124901419522412e-5
256 0.000739145278930664 0.0002318887334752085
512 0.001421337127685547 0.0002972176826632435
1024 0.0027113103866577147 0.0005898076494065497
2048 0.005114970207214356 0.0009195584461863344
4096 0.010250124931335449 0.0027151647135526006
8192 0.02052831172943115 0.0037649607665329933
16384 0.04438673496246338 0.006791969588372204
32768 0.09471400737762452 0.019399213691854864
65536 0.19590607643127442 0.03305485850276948
131072 0.4096053409576416 0.06971930723394498
