16 8.422374725341797e-5 3.067847463645127e-5
32 0.00013701915740966798 5.535837730711951e-5
64 0.00022374153137207033 9.196981714944265e-5
128 0.0003838682174682617 0.00011789342450441769
256 0.0007329463958740234 0.00015894504144744573
512 0.0013614606857299805 0.0001174887342928369
1024 0.002781386375427246 0.0007462527043323276
2048 0.005091490745544433 0.001168039160300243
4096 0.009820709228515625 0.0025090047531382462
8192 0.020010900497436524 0.0031116385646481003
16384 0.043235492706298825 0.0056792750805761206
32768 0.09784311294555664 0.02029855814510522
65536 0.19626967906951903 0.03239927927914529
131072 0.406896653175354 0.056100852509010514
