16 7.668495178222656e-5 2.2869106211626815e-5
32 0.00011096954345703125 4.141254399582981e-5
64 0.0001610088348388672 5.665063640048047e-5
128 0.0002832794189453125 9.038795528563675e-5
256 0.00046721458435058596 0.00015180450199681877
512 0.000841069221496582 0.00024072513385932644
1024 0.0016905546188354492 0.0004015283662922421
2048 0.002583303451538086 0.0006581773663060232
4096 0.004567255973815918 0.0010143168072284435
8192 0.008635444641113281 0.0016298142155937293
16384 0.015388216972351074 0.003004492281336637
32768 0.02534843921661377 0.006473588774464995
65536 0.043667140007019045 0.00984621774819537
131072 0.07261126041412354 0.015070191193257065
