16 7.924556732177734e-5 2.236885512071576e-5
32 0.00011318683624267578 3.921026229409252e-5
64 0.00017232894897460936 5.610544970378799e-5
128 0.00027825355529785155 9.069580788129689e-5
256 0.0004958200454711914 0.00015516504829712153
512 0.0008879041671752929 0.00023540158101746257
1024 0.001575603485107422 0.00037993998110217496
2048 0.0028591346740722656 0.0006066781771157949
4096 0.0047086429595947265 0.0008775391700993462
8192 0.00819352149963379 0.0015839952746988168
16384 0.015270595550537109 0.002048613803583869
32768 0.027655038833618164 0.004696032705217166
65536 0.04803572177886963 0.011076603048081541
131072 0.07499649047851563 0.013910475900651968
