16 0.01680672268907563 0.15697584913058799
32 0.011688311688311689 0.12254855855144808
64 0.01433982683982684 0.1455148009226134
128 0.019810762862211707 0.16103102341563513
256 0.038238702201622246 0.2472406346333565
512 0.038083228247162676 0.23302589500602683
1024 0.0519452292979787 0.2799786832715565
2048 0.061415929203539825 0.29622295495995327
4096 0.06830070243610821 0.3106929857401776
8192 0.06477316540290451 0.31933299794730313
16384 0.052637627858866796 0.2852488259297947
32768 0.04632952691680261 0.252088000441625
65536 0.03489103101424979 0.26166213701371543
131072 0.02229722818860591 0.17375321714423286
