2,16,3,fdratio,0.8425
2,16,3,bdratio,0.7429
2,16,3,naiveratio,0.8068
2,16,3,bdplusratio,0.9768
2,16,3,max,2.93946587537092,2.344780821972721
2,16,3,min,0.06160237388724036,0.32632016333229086
2,16,5,fdratio,0.7003
2,16,5,bdratio,0.4781
2,16,5,naiveratio,0.675
2,16,5,bdplusratio,0.8917
2,16,5,max,0.8013708410681136,1.502673369385169
2,16,5,min,0.06797086962730259,0.40940909237714823
2,16,10,fdratio,0.5403
2,16,10,bdratio,0.1987
2,16,10,naiveratio,0.5374
2,16,10,bdplusratio,0.7094
2,16,10,max,0.0362761428835832,0.31466968041732085
2,16,10,min,0.01110494169905608,0.18118337787855912
4,16,3,fdratio,0.8177
4,16,3,bdratio,0.6275
4,16,3,naiveratio,0.8019
4,16,3,bdplusratio,0.9559
4,16,3,max,1.3288492112021524,1.2206798332358753
4,16,3,min,0.022012963189433778,0.16553509370754266
4,16,5,fdratio,0.6902
4,16,5,bdratio,0.338
4,16,5,naiveratio,0.6807
4,16,5,bdplusratio,0.8459
4,16,5,max,0.33975659229208927,0.7246933994927606
4,16,5,min,0.01680672268907563,0.15697584913058799
4,16,10,fdratio,0.5441
4,16,10,bdratio,0.1302
4,16,10,naiveratio,0.5434
4,16,10,bdplusratio,0.6609
4,16,10,max,0.013232861606322368,0.14793134459618074
4,16,10,min,0.001837897445322551,0.057492999934433756
2,32,3,fdratio,0.7046
2,32,3,bdratio,0.5496
2,32,3,naiveratio,0.6655
2,32,3,bdplusratio,0.8606
2,32,3,max,5.5131989781436275,3.4225128768905417
2,32,3,min,0.07763269940391712,0.3653818429929661
2,32,5,fdratio,0.4697
2,32,5,bdratio,0.2056
2,32,5,naiveratio,0.4573
2,32,5,bdplusratio,0.5824
2,32,5,max,1.217372791143283,1.7877744949673526
2,32,5,min,0.03938684266553119,0.27982770089164244
2,32,10,fdratio,0.2553
2,32,10,bdratio,0.0349
2,32,10,naiveratio,0.255
2,32,10,bdplusratio,0.2874
2,32,10,max,0.02389345867606737,0.1809311718802982
2,32,10,min,0.0011750881316098707,0.034266123447892795
4,32,3,fdratio,0.6869
4,32,3,bdratio,0.3976
4,32,3,naiveratio,0.67
4,32,3,bdplusratio,0.8135
4,32,3,max,2.5044402387538214,1.7692741969933539
4,32,3,min,0.029261901295676226,0.19721353820285908
4,32,5,fdratio,0.462
4,32,5,bdratio,0.1095
4,32,5,naiveratio,0.4572
4,32,5,bdplusratio,0.5324
4,32,5,max,0.5214285714285715,0.8897772320736967
4,32,5,min,0.011688311688311689,0.12254855855144808
4,32,10,fdratio,0.2582
4,32,10,bdratio,0.0192
4,32,10,naiveratio,0.2582
4,32,10,bdplusratio,0.2763
4,32,10,max,0.012006196746707979,0.1254635849910078
4,32,10,min,0.0,0.0
2,64,3,fdratio,0.6588
2,64,3,bdratio,0.4616
2,64,3,naiveratio,0.6163
2,64,3,bdplusratio,0.7936
2,64,3,max,12.14936247723133,5.415582150816844
2,64,3,min,0.08667273831208258,0.37686026950745594
2,64,5,fdratio,0.3662
2,64,5,bdratio,0.1066
2,64,5,naiveratio,0.3534
2,64,5,bdplusratio,0.4247
2,64,5,max,2.866193336974331,2.954375582416173
2,64,5,min,0.051064991807755325,0.3210926300371536
2,64,10,fdratio,0.1381
2,64,10,bdratio,0.0054
2,64,10,naiveratio,0.1379
2,64,10,bdplusratio,0.1433
2,64,10,max,0.055756698044895005,0.3326515501312768
2,64,10,min,0.002172338884866039,0.06015368592164935
4,64,3,fdratio,0.6339
4,64,3,bdratio,0.293
4,64,3,naiveratio,0.6146
4,64,3,bdplusratio,0.7305
4,64,3,max,5.798548666982174,2.8129256565168235
4,64,3,min,0.035336803912289,0.22190138926525235
4,64,5,fdratio,0.3696
4,64,5,bdratio,0.0431
4,64,5,naiveratio,0.3652
4,64,5,bdplusratio,0.3946
4,64,5,max,1.3371212121212122,1.549014001260809
4,64,5,min,0.01433982683982684,0.1455148009226134
4,64,10,fdratio,0.138
4,64,10,bdratio,0.0028
4,64,10,naiveratio,0.138
4,64,10,bdplusratio,0.1408
4,64,10,max,0.029710144927536233,0.18220684891787767
4,64,10,min,0.0,0.0
2,128,3,fdratio,0.6676
2,128,3,bdratio,0.4579
2,128,3,naiveratio,0.6173
2,128,3,bdplusratio,0.784
2,128,3,max,28.866087477531455,9.25494326628528
2,128,3,min,0.10590173756740563,0.4409943601667181
2,128,5,fdratio,0.3457
2,128,5,bdratio,0.0675
2,128,5,naiveratio,0.3306
2,128,5,bdplusratio,0.3721
2,128,5,max,7.105582875325426,5.091991211086359
2,128,5,min,0.05640728955741973,0.29755979914500763
2,128,10,fdratio,0.0861
2,128,10,bdratio,0.0014
2,128,10,naiveratio,0.086
2,128,10,bdplusratio,0.0873
2,128,10,max,0.11382113821138211,0.4075530047640322
2,128,10,min,0.0011614401858304297,0.034079908829549865
4,128,3,fdratio,0.6484
4,128,3,bdratio,0.2695
4,128,3,naiveratio,0.6254
4,128,3,bdplusratio,0.7225
4,128,3,max,13.660857495373227,4.657533188190278
4,128,3,min,0.041795188155459594,0.23356795150460088
4,128,5,fdratio,0.3382
4,128,5,bdratio,0.0209
4,128,5,naiveratio,0.3325
4,128,5,bdplusratio,0.3473
4,128,5,max,3.2971614429331755,2.6902802883946606
4,128,5,min,0.019810762862211707,0.16103102341563513
4,128,10,fdratio,0.0879
4,128,10,bdratio,0.0007
4,128,10,naiveratio,0.0879
4,128,10,bdplusratio,0.0886
4,128,10,max,0.06598407281001138,0.32750336689399273
4,128,10,min,0.0,0.0
2,256,3,fdratio,0.7206
2,256,3,bdratio,0.5101
2,256,3,naiveratio,0.6575
2,256,3,bdplusratio,0.8205
2,256,3,max,68.496253122398,16.16314893823252
2,256,3,min,0.11906744379683597,0.4577712251207493
2,256,5,fdratio,0.3627
2,256,5,bdratio,0.0599
2,256,5,naiveratio,0.3427
2,256,5,bdplusratio,0.3765
2,256,5,max,18.278467052660602,10.500476025728986
2,256,5,min,0.08188585607940446,0.43007455219762936
2,256,10,fdratio,0.0635
2,256,10,bdratio,0.0004
2,256,10,naiveratio,0.0634
2,256,10,bdplusratio,0.0638
2,256,10,max,0.31181102362204727,0.8199613529813583
2,256,10,min,0.0015748031496062992,0.03968378950662729
4,256,3,fdratio,0.691
4,256,3,bdratio,0.2812
4,256,3,naiveratio,0.6616
4,256,3,bdplusratio,0.7512
4,256,3,max,32.26599131693198,7.981389446815249
4,256,3,min,0.04819102749638206,0.24209977495646476
4,256,5,fdratio,0.3452
4,256,5,bdratio,0.0133
4,256,5,naiveratio,0.3343
4,256,5,bdplusratio,0.3414
4,256,5,max,8.759269988412514,4.934251966504857
4,256,5,min,0.038238702201622246,0.2472406346333565
4,256,10,fdratio,0.0633
4,256,10,bdratio,0.0001
4,256,10,naiveratio,0.0632
4,256,10,bdplusratio,0.0633
4,256,10,max,0.17377567140600317,0.507670087706068
4,256,10,min,0.001579778830963665,0.0397464316758582
2,512,3,fdratio,0.7924
2,512,3,bdratio,0.5868
2,512,3,naiveratio,0.725
2,512,3,bdplusratio,0.876
2,512,3,max,159.77044422009087,27.16053182861522
2,512,3,min,0.11471479050984351,0.43695333390121915
2,512,5,fdratio,0.403
2,512,5,bdratio,0.0692
2,512,5,naiveratio,0.3734
2,512,5,bdplusratio,0.4085
2,512,5,max,48.212655086848635,20.770100143304838
2,512,5,min,0.1022332506203474,0.42387189884800686
2,512,10,fdratio,0.0511
2,512,10,bdratio,0.0001
2,512,10,naiveratio,0.0509
2,512,10,bdplusratio,0.0509
2,512,10,max,1.0117416829745598,2.656818659970042
2,512,10,min,0.003913894324853229,0.0624997601775837
4,512,3,fdratio,0.7592
4,512,3,bdratio,0.3461
4,512,3,naiveratio,0.7246
4,512,3,bdplusratio,0.813
4,512,3,max,76.2750263435195,13.39382367287227
4,512,3,min,0.051633298208640675,0.2545229760620071
4,512,5,fdratio,0.3965
4,512,5,bdratio,0.012
4,512,5,naiveratio,0.3839
4,512,5,bdplusratio,0.3893
4,512,5,max,22.9203026481715,9.95094952642727
4,512,5,min,0.038083228247162676,0.23302589500602683
4,512,10,fdratio,0.0502
4,512,10,bdratio,0.0
4,512,10,naiveratio,0.0502
4,512,10,bdplusratio,0.0502
4,512,10,max,0.5159362549800797,1.0490681255553453
4,512,10,min,0.0,0.0
2,1024,3,fdratio,0.8582
2,1024,3,bdratio,0.687
2,1024,3,naiveratio,0.797
2,1024,3,bdplusratio,0.9306
2,1024,3,max,366.8780004660918,45.639065309319776
2,1024,3,min,0.09100442787229084,0.37550037188973595
2,1024,5,fdratio,0.4925
2,1024,5,bdratio,0.1065
2,1024,5,naiveratio,0.4491
2,1024,5,bdplusratio,0.4948
2,1024,5,max,125.56365482233502,44.65531702256864
2,1024,5,min,0.13705583756345177,0.5564201956504407
2,1024,10,fdratio,0.0463
2,1024,10,bdratio,0.0
2,1024,10,naiveratio,0.0461
2,1024,10,bdplusratio,0.0461
2,1024,10,max,2.7473002159827216,3.231150507865653
2,1024,10,min,0.004319654427645789,0.0656529095035951
4,1024,3,fdratio,0.83
4,1024,3,bdratio,0.4335
4,1024,3,naiveratio,0.7961
4,1024,3,bdplusratio,0.8785
4,1024,3,max,176.06168674698796,21.770795027576092
4,1024,3,min,0.04626506024096386,0.237530121723641
4,1024,5,fdratio,0.4601
4,1024,5,bdratio,0.0145
4,1024,5,naiveratio,0.4403
4,1024,5,bdplusratio,0.447
4,1024,5,max,58.26342099543577,19.686470380273263
4,1024,5,min,0.0519452292979787,0.2799786832715565
4,1024,10,fdratio,0.0452
4,1024,10,bdratio,0.0
4,1024,10,naiveratio,0.0452
4,1024,10,bdplusratio,0.0452
4,1024,10,max,1.345132743362832,1.9232267393595532
4,1024,10,min,0.0,0.0
2,2048,3,fdratio,0.9044
2,2048,3,bdratio,0.7763
2,2048,3,naiveratio,0.8531
2,2048,3,bdplusratio,0.964
2,2048,3,max,819.1231755860239,69.23481304061171
2,2048,3,min,0.06855373728438743,0.3093687470662803
2,2048,5,fdratio,0.6028
2,2048,5,bdratio,0.1758
2,2048,5,naiveratio,0.5381
2,2048,5,bdplusratio,0.5982
2,2048,5,max,319.35650298606504,90.216886387902
2,2048,5,min,0.1584273390842734,0.5840223560419706
2,2048,10,fdratio,0.0485
2,2048,10,bdratio,0.0
2,2048,10,naiveratio,0.048
2,2048,10,bdplusratio,0.048
2,2048,10,max,8.602061855670103,10.49480370616224
2,2048,10,min,0.010309278350515464,0.10111418151273606
4,2048,3,fdratio,0.8831
4,2048,3,bdratio,0.5521
4,2048,3,naiveratio,0.856
4,2048,3,bdplusratio,0.9316
4,2048,3,max,397.3826293737969,34.57632602090237
4,2048,3,min,0.03363152530857207,0.1999466058351024
4,2048,5,fdratio,0.565
4,2048,5,bdratio,0.0204
4,2048,5,naiveratio,0.5369
4,2048,5,bdplusratio,0.5435
4,2048,5,max,149.23362831858407,41.25442650065924
4,2048,5,min,0.061415929203539825,0.29622295495995327
4,2048,10,fdratio,0.0486
4,2048,10,bdratio,0.0
4,2048,10,naiveratio,0.0485
4,2048,10,bdplusratio,0.0485
4,2048,10,max,4.030864197530864,5.12896304646808
4,2048,10,min,0.00205761316872428,0.04536092116265146
2,4096,3,fdratio,0.9423
2,4096,3,bdratio,0.8589
2,4096,3,naiveratio,0.9024
2,4096,3,bdplusratio,0.9847
2,4096,3,max,1779.9304892284836,96.75883679227356
2,4096,3,min,0.050196328133290884,0.25884012484664254
2,4096,5,fdratio,0.7126
2,4096,5,bdratio,0.3074
2,4096,5,naiveratio,0.6375
2,4096,5,bdplusratio,0.7251
2,4096,5,max,809.9044344653382,189.1577431093623
2,4096,5,min,0.17288801571709234,0.7174029149683799
2,4096,10,fdratio,0.0559
2,4096,10,bdratio,0.0
2,4096,10,naiveratio,0.0557
2,4096,10,bdplusratio,0.0557
2,4096,10,max,26.88908765652952,28.01801530770203
2,4096,10,min,0.005366726296958855,0.09450777803712541
4,4096,3,fdratio,0.9276
4,4096,3,bdratio,0.6714
4,4096,3,naiveratio,0.9047
4,4096,3,bdplusratio,0.9656
4,4096,3,max,869.754312203536,49.420470106019124
4,4096,3,min,0.02727468736524364,0.17987701821403818
4,4096,5,fdratio,0.6691
4,4096,5,bdratio,0.041
4,4096,5,naiveratio,0.6317
4,4096,5,bdplusratio,0.6425
4,4096,5,max,374.6045434165297,82.20733715002255
4,4096,5,min,0.06830070243610821,0.3106929857401776
4,4096,10,fdratio,0.0504
4,4096,10,bdratio,0.0
4,4096,10,naiveratio,0.0501
4,4096,10,bdplusratio,0.0501
4,4096,10,max,13.259920634920634,13.934735008428403
4,4096,10,min,0.005952380952380952,0.07699813915727842
2,8192,3,fdratio,0.964
2,8192,3,bdratio,0.9028
2,8192,3,naiveratio,0.934
2,8192,3,bdplusratio,0.9918
2,8192,3,max,3763.0469917012447,126.28589865566765
2,8192,3,min,0.03516597510373444,0.21632673049144954
2,8192,5,fdratio,0.8188
2,8192,5,bdratio,0.4725
2,8192,5,naiveratio,0.7373
2,8192,5,bdplusratio,0.838
2,8192,5,max,1979.2795554469956,373.2074320772715
2,8192,5,min,0.17244748412310698,0.7668552366662588
2,8192,10,fdratio,0.0681
2,8192,10,bdratio,0.0
2,8192,10,naiveratio,0.0671
2,8192,10,bdplusratio,0.0671
2,8192,10,max,79.57562408223201,71.03317737011186
2,8192,10,min,0.014684287812041116,0.12037415396978109
4,8192,3,fdratio,0.9515
4,8192,3,bdratio,0.7723
4,8192,3,naiveratio,0.9336
4,8192,3,bdplusratio,0.9827
4,8192,3,max,1854.6392012611666,63.66315997151171
4,8192,3,min,0.020704151339989492,0.1564670925118205
4,8192,5,fdratio,0.7781
4,8192,5,bdratio,0.0865
4,8192,5,naiveratio,0.7392
4,8192,5,bdplusratio,0.7565
4,8192,5,max,926.1161804395322,164.7825305888339
4,8192,5,min,0.06477316540290451,0.31933299794730313
4,8192,10,fdratio,0.0664
4,8192,10,bdratio,0.0
4,8192,10,naiveratio,0.0659
4,8192,10,bdplusratio,0.0659
4,8192,10,max,38.10692771084337,29.39519584322297
4,8192,10,min,0.007530120481927711,0.08651410226538134
2,16384,3,fdratio,0.9804
2,16384,3,bdratio,0.9372
2,16384,3,naiveratio,0.9615
2,16384,3,bdplusratio,0.9978
2,16384,3,max,7801.639738882089,148.61949644589924
2,16384,3,min,0.021623827009383926,0.16204590306135724
2,16384,5,fdratio,0.9001
2,16384,5,bdratio,0.6467
2,16384,5,naiveratio,0.8292
2,16384,5,bdplusratio,0.9248
2,16384,5,max,4743.156315964893,721.0394701065213
2,16384,5,min,0.14620597711365405,0.7530377690187355
2,16384,10,fdratio,0.0885
2,16384,10,bdratio,0.0001
2,16384,10,naiveratio,0.0864
2,16384,10,bdplusratio,0.0865
2,16384,10,max,234.4870056497175,178.6115793211835
2,16384,10,min,0.02824858757062147,0.19696160739062507
4,16384,3,fdratio,0.9708
4,16384,3,bdratio,0.8506
4,16384,3,naiveratio,0.9606
4,16384,3,bdplusratio,0.9951
4,16384,3,max,3865.170683971982,78.94678098923812
4,16384,3,min,0.010918829831067161,0.10876996804297183
4,16384,5,fdratio,0.8701
4,16384,5,bdratio,0.1669
4,16384,5,naiveratio,0.8335
4,16384,5,bdplusratio,0.8528
4,16384,5,max,2242.4229398919665,317.26286276492056
4,16384,5,min,0.052637627858866796,0.2852488259297947
4,16384,10,fdratio,0.0929
4,16384,10,bdratio,0.0
4,16384,10,naiveratio,0.0918
4,16384,10,bdplusratio,0.0918
4,16384,10,max,115.55651237890204,85.62179570583858
4,16384,10,min,0.015069967707212056,0.15323037525558958
2,32768,3,fdratio,0.9896
2,32768,3,bdratio,0.9629
2,32768,3,naiveratio,0.9778
2,32768,3,bdplusratio,0.9992
2,32768,3,max,15937.395210185934,168.68967934173887
2,32768,3,min,0.01232821341956346,0.11395590486208765
2,32768,5,fdratio,0.9455
2,32768,5,bdratio,0.7816
2,32768,5,naiveratio,0.8897
2,32768,5,bdplusratio,0.9697
2,32768,5,max,11063.528291909042,1289.3754412810033
2,32768,5,min,0.09487043892120571,0.5055123698906989
2,32768,10,fdratio,0.1328
2,32768,10,bdratio,0.0
2,32768,10,naiveratio,0.129
2,32768,10,bdplusratio,0.129
2,32768,10,max,712.3697289156627,454.53996839215364
2,32768,10,min,0.03614457831325301,0.2428558114813844
4,32768,3,fdratio,0.9843
4,32768,3,bdratio,0.912
4,32768,3,naiveratio,0.9783
4,32768,3,bdplusratio,0.9974
4,32768,3,max,7927.360357614549,89.71635110113186
4,32768,3,min,0.00609570252971655,0.07784060971661486
4,32768,5,fdratio,0.9195
4,32768,5,bdratio,0.3006
4,32768,5,naiveratio,0.8838
4,32768,5,bdplusratio,0.9121
4,32768,5,max,5262.482544861337,591.0651153869721
4,32768,5,min,0.04632952691680261,0.252088000441625
4,32768,10,fdratio,0.1293
4,32768,10,bdratio,0.0
4,32768,10,naiveratio,0.127
4,32768,10,bdplusratio,0.127
4,32768,10,max,332.1423047177108,211.81477724071203
4,32768,10,min,0.019334880123743233,0.14856545189261738
2,65536,3,fdratio,0.993
2,65536,3,bdratio,0.9791
2,65536,3,naiveratio,0.9854
2,65536,3,bdplusratio,0.9994
2,65536,3,max,32273.75921450151,184.40505311910496
2,65536,3,min,0.00795568982880161,0.09218178873175738
2,65536,5,fdratio,0.9727
2,65536,5,bdratio,0.8675
2,65536,5,naiveratio,0.9304
2,65536,5,bdplusratio,0.9885
2,65536,5,max,25056.121723038963,2173.97817265868
2,65536,5,min,0.06507659093245605,0.41608203087838375
2,65536,10,fdratio,0.1973
2,65536,10,bdratio,0.0001
2,65536,10,naiveratio,0.1877
2,65536,10,bdplusratio,0.1878
2,65536,10,max,1974.6436898124682,1078.8496762723105
2,65536,10,min,0.06588950836289914,0.35134800099857016
4,65536,3,fdratio,0.9906
4,65536,3,bdratio,0.9502
4,65536,3,naiveratio,0.9863
4,65536,3,bdplusratio,0.9993
4,65536,3,max,16091.737532808398,98.0091959058446
4,65536,3,min,0.004340803553401979,0.06574494139668298
4,65536,5,fdratio,0.9544
4,65536,5,bdratio,0.4677
4,65536,5,naiveratio,0.9287
4,65536,5,bdplusratio,0.9589
4,65536,5,max,12046.114522212909,1021.3035792187328
4,65536,5,min,0.03489103101424979,0.26166213701371543
4,65536,10,fdratio,0.1879
4,65536,10,bdratio,0.0
4,65536,10,naiveratio,0.1839
4,65536,10,bdplusratio,0.1839
4,65536,10,max,935.4443853113359,478.8545582251969
4,65536,10,min,0.021820117083555083,0.14973418975740935
2,131072,3,fdratio,0.996
2,131072,3,bdratio,0.9862
2,131072,3,naiveratio,0.9912
2,131072,3,bdplusratio,0.9999
2,131072,3,max,64996.39026104418,197.39293117935708
2,131072,3,min,0.0049196787148594375,0.07139180915902528
2,131072,5,fdratio,0.9859
2,131072,5,bdratio,0.9248
2,131072,5,naiveratio,0.9579
2,131072,5,bdplusratio,0.9955
2,131072,5,max,55008.21422050918,3415.8627077651254
2,131072,5,min,0.037427731007201544,0.2473616446580901
2,131072,10,fdratio,0.281
2,131072,10,bdratio,0.0007
2,131072,10,naiveratio,0.2631
2,131072,10,bdplusratio,0.2631
2,131072,10,max,5537.158007117438,2578.5542116964443
2,131072,10,min,0.08683274021352314,0.38705136819167296
4,131072,3,fdratio,0.9943
4,131072,3,bdratio,0.9699
4,131072,3,naiveratio,0.9925
4,131072,3,bdplusratio,1.0
4,131072,3,max,32449.16262697375,106.86387675222404
4,131072,3,min,0.0018103188172583727,0.042511449297724664
4,131072,5,fdratio,0.9777
4,131072,5,bdratio,0.6338
4,131072,5,naiveratio,0.9591
4,131072,5,bdplusratio,0.9824
4,131072,5,max,26729.38672394395,1632.660033899474
4,131072,5,min,0.02229722818860591,0.17375321714423286
4,131072,10,fdratio,0.2769
4,131072,10,bdratio,0.0
4,131072,10,naiveratio,0.2676
4,131072,10,bdplusratio,0.2676
4,131072,10,max,2616.5146262188514,1112.6315460413014
4,131072,10,min,0.03972553268327916,0.2309428646254339
