16 0.0004645397186279297 0.00010285955202056564
32 0.0005088508605957031 8.527881090018091e-5
64 0.000615731201171875 2.976156976000746e-5
128 0.0007448956298828124 5.034068002006338e-5
256 0.0008519041442871095 8.605455694104709e-5
512 0.0010219415283203126 0.00013704360449461476
1024 0.0015143309020996096 0.0002554178867176075
2048 0.0021466925811767577 0.0004381197258943603
4096 0.0032032324218749996 0.0007127540799815019
8192 0.005344013214111328 0.0004925330628009715
16384 0.009996221237182617 0.001025930417824777
32768 0.014544398193359374 0.0004105641456283568
65536 0.025088171234130856 0.00224392498069433
131072 0.06412242393493651 0.006884885214890505
