16 0.0005065702819824218 9.376008233857966e-5
32 0.0005840955352783203 2.3792681454459412e-5
64 0.0007319869995117187 3.647869270114827e-5
128 0.0009609321594238282 6.665135941956625e-5
256 0.0012667442321777345 0.00017180134758592458
512 0.0020294503021240236 0.000370267739161935
1024 0.0032371801757812503 0.0003512160134299962
2048 0.0052799049377441395 0.0010025963524932856
4096 0.00893556251525879 0.00142589424486129
8192 0.014205103912353516 0.0024310232080300737
16384 0.025977238388061524 0.005256717275641124
32768 0.04335239624023437 0.00843646426931044
65536 0.07267970085144043 0.01635275507047338
131072 0.13160183616638182 0.027421653695218914
