16 2.75025e-5 2.612069874756846e-6
32 3.413272e-5 1.6449756159721205e-6
64 4.560124e-5 2.1072959611205783e-6
128 7.004126000000001e-5 3.861102046392074e-6
256 0.00011112312 6.351095491684076e-6
512 0.00019212078 1.5734151100996192e-5
1024 0.00034612848 2.4498475882822272e-5
2048 0.00066468158 5.7625734777232275e-5
4096 0.0012671232000000003 0.00012639059329906557
8192 0.0024304327400000002 0.00023607532232568465
16384 0.0045766156 0.0004295964378921127
32768 0.008583705 0.0009877131772406897
65536 0.01610125582 0.0023630825388317217
131072 0.02998572116 0.0042736373265310525
