16 0.0004892955780029296 6.60761730175132e-5
32 0.0005710589599609375 2.8334512467234406e-5
64 0.0007511467742919922 9.365838226895712e-5
128 0.000979480209350586 6.998712985333127e-5
256 0.0012691085052490237 0.0001070941670894201
512 0.0021366225433349607 0.0002000131099669031
1024 0.0032437485504150394 0.0003336406644947025
2048 0.005251735153198243 0.0006875709541765736
4096 0.008491880187988281 0.0009194095811846299
8192 0.014043494033813475 0.0025899131391975273
16384 0.02676287612915039 0.004390832302755722
32768 0.047107230834960934 0.006796876231188664
65536 0.08213173629760742 0.01715465948133074
131072 0.13820744499206544 0.024893732689382688
