16 0.0005522677612304687 2.151382703484962e-5
32 0.0007040747833251954 2.9447340926537904e-5
64 0.0009756582641601563 0.0001231277489237444
128 0.0014509777832031252 9.870001208731136e-5
256 0.002466921157836914 0.00019100022427310674
512 0.00439690284729004 0.0003907852836313976
1024 0.006682904815673828 0.0003037063955864352
2048 0.010424828567504884 0.0005905252537571116
4096 0.017862922897338866 0.0017870295091815917
8192 0.03438125556945801 0.002025007150624627
16384 0.06828358695983887 0.003230967159614405
32768 0.16058169403076172 0.01096243034409122
65536 0.3965012626647949 0.029944297296757644
131072 0.8213549794769287 0.06696459171549583
