16 0.00047349082946777335 0.00010547384297479279
32 0.0005195130157470702 2.910464673008313e-5
64 0.0006137384796142579 8.048061768677174e-5
128 0.0007012187957763671 4.879785356133202e-5
256 0.0009038969421386719 0.0001001965777036848
512 0.001024073028564453 0.00014179588428068536
1024 0.0014115254211425781 0.0002071572184708284
2048 0.0022283630371093747 0.00039192071136490316
4096 0.0035767756652832034 0.0005489104827771007
8192 0.006387113647460937 0.001034587881952383
16384 0.010326017074584961 0.0006540897178151288
32768 0.015362477264404296 0.00047814277120290625
65536 0.027654056625366213 0.0023782068492340307
131072 0.06024155426025391 0.00854883706011647
