16 5.005359649658203e-5 7.474773016521941e-6
32 8.261680603027343e-5 1.0325034075620864e-5
64 0.00012973785400390624 1.7434781261699085e-5
128 0.00022234439849853517 3.44982566143787e-5
256 0.0004003429412841797 5.6503249958886276e-5
512 0.0007361268997192383 7.888616946377766e-5
1024 0.0013449668884277343 0.00015597144725460613
2048 0.0022248554229736327 0.00031675983330083557
4096 0.0038364744186401368 0.0005953395673083463
8192 0.006821775436401367 0.0012438928698913737
16384 0.012871394157409668 0.002048791243570943
32768 0.02384211540222168 0.004501728940964058
65536 0.04098064422607422 0.010995134862959766
131072 0.06347305297851563 0.013386185128561235
