16 4.102706909179688e-5 8.364414908848879e-6
32 5.969047546386719e-5 1.1525682321426563e-5
64 8.477687835693359e-5 1.8853264628666027e-5
128 0.00013802528381347655 3.1409110844053524e-5
256 0.00020862102508544921 4.698740008128752e-5
512 0.0003386878967285156 9.300201003111393e-5
1024 0.0005080032348632812 0.00011557349915428499
2048 0.0008304452896118164 0.000175648958942232
4096 0.0013992500305175782 0.00026623073681906995
8192 0.002321305274963379 0.00029315787387224334
16384 0.0043587350845336915 0.00035087110826524887
32768 0.0074441289901733395 0.0003945362670913028
65536 0.014723272323608398 0.0005889733112112308
131072 0.02778656005859375 0.00047782300721267826
