16 4.200458526611328e-5 8.75485069984426e-6
32 6.0448646545410154e-5 1.0193865664503935e-5
64 9.223461151123047e-5 1.592425806588106e-5
128 0.00014142990112304689 3.120791978817519e-5
256 0.0002226877212524414 4.9224042795057315e-5
512 0.0003455543518066406 8.060302250912447e-5
1024 0.0005826473236083985 0.00013921211964308046
2048 0.000865316390991211 0.00020549140706101717
4096 0.0012836360931396484 0.00021450061356636783
8192 0.0023229265213012694 0.00016764552071045803
16384 0.0040142822265625 0.0003169530142273885
32768 0.008132152557373047 0.0003947709116072693
65536 0.013861103057861328 0.0006966251564637249
131072 0.029428696632385253 0.001135628564865023
