16 6.180286407470704e-5 8.113568398699459e-6
32 0.00010744094848632812 1.1603524518939405e-5
64 0.00018786907196044922 1.8229374198479943e-5
128 0.00034573078155517576 2.748139158228113e-5
256 0.0006977939605712891 6.0521461995037785e-5
512 0.0013939571380615235 0.00011890140439334507
1024 0.002646641731262207 0.0002599092852940383
2048 0.004797115325927735 0.0004585782361966763
4096 0.009342145919799805 0.000659761682327419
8192 0.01999821662902832 0.0015914138140717884
16384 0.042786355018615725 0.003528617789868146
32768 0.09002328872680664 0.00838324306160361
65536 0.18334001541137696 0.017469139833127964
131072 0.3795197582244873 0.03222472073666155
