16 5.143165588378906e-5 6.964714658906453e-6
32 7.98797607421875e-5 1.1321074852614284e-5
64 0.00012664318084716796 1.8612530099101476e-5
128 0.00022239208221435546 3.3711226389132995e-5
256 0.0003881740570068359 4.982694862088235e-5
512 0.0006865978240966797 0.00010905052392422439
1024 0.0013119363784790039 0.0001673885252328888
2048 0.002181062698364258 0.0003377161965991375
4096 0.003789658546447754 0.0006144909631281705
8192 0.0068801212310791015 0.001262439712513813
16384 0.012153234481811524 0.0022940446007440004
32768 0.0211121129989624 0.00584604497447765
65536 0.03650099277496338 0.0098887342291833
131072 0.058353114128112796 0.015099985053573857
