16 6.429672241210938e-5 6.8326092126776894e-6
32 0.00010698318481445313 1.3435287471169495e-5
64 0.00018490314483642577 1.903745900396466e-5
128 0.0003464412689208984 2.9360486990004695e-5
256 0.000677642822265625 5.970352223719427e-5
512 0.001360640525817871 0.00011891741355284975
1024 0.002618060111999512 0.0002334766635647416
2048 0.004953150749206543 0.0004539677047858131
4096 0.009305505752563477 0.0008103431356495485
8192 0.019849205017089845 0.0017004992003493136
16384 0.04299909591674805 0.0034423931843228835
32768 0.08966516971588134 0.008226927458992964
65536 0.18011882781982422 0.0173234038992928
131072 0.37842373371124266 0.03338654730499646
