16 0.0005255149841308594 7.11664248947409e-5
32 0.0005945326232910156 8.162669940997061e-5
64 0.0006984970855712891 4.667510083701981e-5
128 0.0008646987152099609 0.00015642559609537173
256 0.0010261971282958984 0.00021257219252187324
512 0.0015251509857177733 0.0006743681481843969
1024 0.0020385314941406252 0.0006207402805850539
2048 0.0028821952056884764 0.0010826336198028275
4096 0.005084027938842773 0.0019063350731532084
8192 0.008357271423339845 0.002159547248637539
16384 0.011577597427368165 0.0017995878822195635
32768 0.01841994041442871 0.00586825697079044
65536 0.032642246170043944 0.009247676259906279
131072 0.07407777717590332 0.013216308430417286
