16 0.00048253921508789057 2.656539285327847e-5
32 0.0004963771820068359 3.206153735128101e-5
64 0.0005819478607177735 4.48196825084777e-5
128 0.0006411894989013672 5.605091145570855e-5
256 0.0006540239715576171 0.00010144022728184564
512 0.0007742599487304689 0.00015911226011214508
1024 0.0010037218475341797 0.00014324618584764695
2048 0.0014629640197753907 0.00019988953389963704
4096 0.002048471374511719 0.00027433933767239657
8192 0.00415813003540039 0.0005254563594000485
16384 0.008400814437866212 0.00028818691954452246
32768 0.01308283332824707 0.00039453278380555395
65536 0.023956545944213866 0.00251607770610958
131072 0.06236795989990235 0.007547732168146916
