16 3.0356180000000005e-5 1.5588946331111855e-6
32 3.814764e-5 4.421298939987512e-6
64 4.9881019999999994e-5 3.998756196874325e-6
128 7.597432e-5 6.903901279356625e-6
256 0.00012469244 1.044364874498235e-5
512 0.00021554777999999996 2.0630719197935917e-5
1024 0.00042545304000000006 5.389317932534957e-5
2048 0.00082220214 0.00013348880383518068
4096 0.0015622551800000002 0.000252186715469336
8192 0.0031051745600000004 0.0005755438071701268
16384 0.006506299339999999 0.000981019782521034
32768 0.01336154364 0.002453839166722027
65536 0.02909651034 0.007936807317024949
131072 0.057826849199999995 0.014845972210895581
