16 5.9189796447753904e-5 5.002225921524198e-6
32 8.367061614990234e-5 1.5079869640517114e-5
64 0.00011610507965087891 2.0506288507302507e-5
128 0.00016784191131591797 4.510837880339212e-5
256 0.0002903270721435547 9.847080263211585e-5
512 0.00047264575958251955 0.00019092719862503788
1024 0.0007568454742431641 0.0002978746711907912
2048 0.0011594486236572265 0.0004952910729377041
4096 0.0020387077331542967 0.0008643488506086774
8192 0.003386082649230957 0.0013283503777515768
16384 0.005307068824768066 0.0012154993819284514
32768 0.008413457870483398 0.002590230606896394
65536 0.016450953483581544 0.0038706769448092256
131072 0.03157143115997314 0.004493502127789919
