16 4.916667938232422e-5 6.816435092878756e-6
32 6.337165832519532e-5 1.263503707298451e-5
64 7.854461669921875e-5 1.9506790032080286e-5
128 9.001731872558594e-5 2.511009465901296e-5
256 0.00012207508087158203 4.455691892714361e-5
512 0.00020807266235351563 6.355282572080974e-5
1024 0.00029868602752685546 8.277255695954935e-5
2048 0.000557107925415039 9.670099360315766e-5
4096 0.0008811712265014649 8.987468876560233e-5
8192 0.0018282318115234375 0.0001574883422736087
16384 0.003279099464416504 0.00017478296630143054
32768 0.007142939567565918 0.00030092313744714224
65536 0.012264976501464844 0.0006899283635771373
131072 0.027701091766357423 0.0014859949467898434
