16 4.786014556884766e-5 7.348682006373615e-6
32 6.044387817382813e-5 1.3041588342056518e-5
64 7.576465606689452e-5 2.111544196241896e-5
128 9.041786193847656e-5 2.8958662559642448e-5
256 0.00013240814208984375 4.500725448829223e-5
512 0.00019833087921142578 6.472433349202284e-5
1024 0.000313262939453125 6.698973905062096e-5
2048 0.0004906225204467774 5.604277887951482e-5
4096 0.0009640884399414062 8.586844924133541e-5
8192 0.0018079137802124022 0.00011343860101000421
16384 0.003836760520935059 0.00013581058838305489
32768 0.006537961959838867 0.00024511971031848716
65536 0.01328615665435791 0.00023210589250126235
131072 0.02701775550842285 0.0005433484455763961
