16 0.0006039775085449219 0.0001086812371088821
32 0.0006961213684082032 3.558046085297167e-5
64 0.0009478638458251953 0.00018700859429918932
128 0.0012772792053222656 0.00017054854292692574
256 0.002240003433227539 0.0004763677350977089
512 0.003469203414916992 0.0006949195307042459
1024 0.005549719390869141 0.001136918133033276
2048 0.008626601715087891 0.00185146726146804
4096 0.013705795440673829 0.00284748484531983
8192 0.028107410583496095 0.005934177641034723
16384 0.052505247192382816 0.010898835377385922
32768 0.10773560684204103 0.029854959895895587
65536 0.2519861289215088 0.08918750064520047
131072 0.5121422137451171 0.20762281993555426
