16 5.63669204711914e-5 6.820824508495931e-6
32 7.965087890625e-5 1.2643741687893379e-5
64 0.00011417388916015625 2.577710784514699e-5
128 0.0001728677749633789 4.3470453948290696e-5
256 0.00027871131896972656 8.654579006667535e-5
512 0.0004780483245849609 0.00015379328504987964
1024 0.0007414913177490234 0.00029690446855147785
2048 0.0011872482299804688 0.0004335969384396889
4096 0.0019837236404418946 0.0008097531993025471
8192 0.003302931785583496 0.0011861156369619356
16384 0.006079030036926269 0.0024094993008722952
32768 0.010391392707824708 0.0034624822518897567
65536 0.017241392135620117 0.005602313471069146
131072 0.031787080764770506 0.00491658552819782
