16 0.000480353012084961 5.011831986128961e-5
32 0.0005088841247558594 4.193454572687181e-5
64 0.0005700175476074219 6.247021329458734e-5
128 0.0006017822265625 7.44882821219875e-5
256 0.00074846923828125 0.0001095736675819233
512 0.0007495516204833984 0.00011539092503264371
1024 0.0010472897338867188 0.00012044099080359336
2048 0.0015322642517089844 0.0001995278008811209
4096 0.0024706912994384767 0.0004572863109908962
8192 0.004685562744140625 0.0005060573340883671
16384 0.009371424331665039 0.00047677658050429653
32768 0.014344976196289064 0.00039390251053851783
65536 0.0248053515625 0.0020351673983326677
131072 0.057524153366088855 0.009301528826072646
