16 2.814646e-5 1.3233745549363798e-6
32 3.4082579999999996e-5 2.495292662807556e-6
64 4.428264e-5 2.4073924648880994e-6
128 6.292504000000001e-5 6.818118125544434e-6
256 9.684893999999999e-5 1.2117599629969827e-5
512 0.00015457588 2.618578736771035e-5
1024 0.00025364692 4.272461877874848e-5
2048 0.00046199276 8.845637915588562e-5
4096 0.00086680498 0.00018856529549609655
8192 0.0016234059600000001 0.00028032814323253823
16384 0.0029657874799999995 0.0003730755961754712
32768 0.005620697020000001 0.0007145530245065431
65536 0.010869503400000001 0.0012750854261654114
131072 0.021473635199999997 0.0014673309212140172
