16 2.9574640000000003e-5 1.4428871391507134e-6
32 3.6346519999999996e-5 1.9628685718111856e-6
64 5.064908e-5 3.806440020034789e-6
128 7.763926e-5 8.473039988416561e-6
256 0.0001292835 1.215073338216627e-5
512 0.00021791642 2.4133601729800987e-5
1024 0.00043253717999999997 6.588531622097877e-5
2048 0.0008653977 0.0001534152454620253
4096 0.0016741499799999998 0.00022670303632550592
8192 0.003384115879999999 0.0005289560526618614
16384 0.00704012678 0.001221671080901948
32768 0.01340482386 0.00262213293807132
65536 0.030106726799999997 0.00823816875735286
131072 0.06268881932 0.01911448105150354
