16 2.734256e-5 1.4630319672320413e-6
32 3.134006e-5 2.0164449258989625e-6
64 3.68053e-5 2.9318110322071286e-6
128 4.677054e-5 4.687889987956594e-6
256 6.35162e-5 1.1030366898628866e-5
512 9.747663999999999e-5 1.485225677177357e-5
1024 0.00014862288 1.77032264160047e-5
2048 0.00026824342 2.85775692387493e-5
4096 0.00046713336 3.161828066732205e-5
8192 0.0009299233200000001 5.574232865951427e-5
16384 0.00185245334 5.4563466951615164e-5
32768 0.00387365854 6.848609450791702e-5
65536 0.007734875099999999 0.00010514966020387221
131072 0.01587748972 0.00019722002314177532
