16 0.0005815367889404296 2.8085652573502725e-5
32 0.0007262310028076173 0.00010897200410870334
64 0.0009313906097412109 8.01143185287252e-5
128 0.0012161370849609375 0.00014021491714614584
256 0.0021060591888427734 0.0003329071090590457
512 0.0035838704681396484 0.0006296936173955264
1024 0.005692177047729492 0.0009170794644952145
2048 0.00849427993774414 0.0013351093069980267
4096 0.013798327178955079 0.0033950075407752117
8192 0.02616714416503906 0.006229703530824552
16384 0.05170914649963379 0.008127460702298618
32768 0.11417845458984374 0.026380199499346828
65536 0.25522835983276365 0.08533977727731121
131072 0.49035029197692864 0.15819131267555395
