16 6.838321685791015e-5 7.68223081998528e-6
32 0.0001056671142578125 1.5493501792022988e-5
64 0.00016364574432373047 2.7674371687220864e-5
128 0.0002795553207397461 5.34573523806495e-5
256 0.0005486726760864258 0.00010760872827088589
512 0.0010898303985595703 0.00020010369795093146
1024 0.002031841278076172 0.0004750148961401995
2048 0.0035877132415771482 0.0010061604203232277
4096 0.006389803886413574 0.001724025272476891
8192 0.012719526290893554 0.0035907332241826876
16384 0.027316532135009765 0.007045349586480793
32768 0.057329959869384765 0.016500602378542648
65536 0.11053590297698974 0.03900359508219113
131072 0.2202080535888672 0.07577768402689755
