16 2.8591199999999998e-5 1.2353166825241408e-6
32 3.3928300000000005e-5 2.141778064018353e-6
64 4.382274e-5 4.862486521926654e-6
128 6.0937720000000006e-5 6.046500121220404e-6
256 9.074662e-5 1.176955823887912e-5
512 0.00014887471999999998 2.413756041224328e-5
1024 0.00023302582000000002 4.772316310559971e-5
2048 0.00041921224 8.844922078995036e-5
4096 0.00077484456 0.00017285684210294498
8192 0.00136692806 0.00028950369613695004
16384 0.0026550129999999995 0.0005890596980583998
32768 0.00494159374 0.0008351479715102626
65536 0.00918856884 0.0014021628431776152
131072 0.0170898163 0.0013813077628559143
