16 2.648996e-5 1.4983796140348085e-6
32 3.102582e-5 1.9518234560721596e-6
64 3.77989e-5 4.4107103562735525e-6
128 4.886642e-5 5.952091068297437e-6
256 7.062722e-5 9.659895449406757e-6
512 0.00010505968 1.4560694284915657e-5
1024 0.00018052906 2.291517775108178e-5
2048 0.00030717174 2.2509490629519102e-5
4096 0.0005650946199999999 3.085258130297584e-5
8192 0.00116459322 5.2843546070622086e-5
16384 0.0024158686600000002 6.328338548685554e-5
32768 0.004970670619999999 8.727429244976878e-5
65536 0.00966593756 0.0001350387821748694
131072 0.02025330716 0.0002809686233694009
