16 7.029533386230468e-5 5.0869786317030406e-6
32 0.00010406970977783203 1.4342390042271587e-5
64 0.0001683664321899414 2.849645805403589e-5
128 0.0002929067611694336 6.549344206581759e-5
256 0.0005617475509643554 0.00011606692324509756
512 0.001058526039123535 0.00023898777984967704
1024 0.0019002866744995117 0.0005134075713378884
2048 0.0035995006561279296 0.0010630986675133087
4096 0.006549677848815918 0.0016521426155025032
8192 0.013426537513732911 0.003700336141993651
16384 0.028343043327331542 0.009041798549555717
32768 0.05409745693206787 0.017486326113560758
65536 0.10930147647857666 0.04122496547100919
131072 0.23025614738464356 0.09794662345112903
