16 0.0005194228363037109 7.076084977261676e-5
32 0.0005747538757324219 8.328538258225413e-5
64 0.000691968765258789 5.226891030525959e-5
128 0.000882261962890625 9.346727016905516e-5
256 0.001033561019897461 0.00017662567883761857
512 0.0014954048919677736 0.00040434634627161157
1024 0.0019639485168457035 0.0006423657125676969
2048 0.002841405181884766 0.0010048178397702233
4096 0.004992874755859375 0.001674958609689166
8192 0.007863112869262697 0.0025469650685014185
16384 0.013775219421386717 0.004935275586894394
32768 0.02098855606079102 0.007260678381921965
65536 0.03368478485107421 0.012198746439722125
131072 0.07204012855529786 0.01118234897098529
