16 1.9326154914901008 1.8553686173889812
32 5.984959293500759 3.7324131825023623
64 15.950297973778307 6.948529966240844
128 39.60283530845055 12.455537971714913
256 93.27031839128614 20.476581386457603
512 210.54245764441723 31.2474636514773
1024 456.8399919085668 42.63820440086065
2048 959.0578545600642 55.368641455540384
4096 1978.8359719438877 64.10334664129091
8192 4023.7019721693864 70.11681266298723
16384 8114.869430259337 75.69523134897192
32768 16307.0854 78.84507696398136
65536 32689.855 81.30209454902011
131072 65456.6272 82.18391472632571
