16 0.01275797373358349 0.18740986711800955
32 0.11884865366759517 0.6640624847021129
64 0.5099406145107153 1.8466428164971118
128 1.6489707475622968 4.216335926566421
256 4.809975804950679 9.361911168818422
512 13.76221928665786 23.078853074889103
1024 36.76126601356443 52.42414139257305
2048 95.62941176470588 122.91126618885039
4096 247.8450179763739 276.86713797226935
8192 634.9908455793785 619.1719907574707
16384 1555.3336734693878 1362.7689556767073
32768 3842.390262582057 2979.1994128964466
65536 9269.765109165699 6400.221007489897
131072 22378.210585933477 13321.351760049327
