16 0.4124651634152521 1.0181458946724231
32 1.7223178427997705 2.547813827553882
64 5.412431108389467 5.55768886006756
128 15.486756289098896 12.085617823692212
256 40.91274767247553 25.574831551726746
512 103.33008526187577 51.37898943598816
1024 258.86399237933955 105.28740536958766
2048 617.5579055441478 199.7517543296303
4096 1445.0073894118839 355.03819500012446
8192 3235.416842528389 591.9199709027282
16384 7013.89397735244 942.1801119649282
32768 14926.245018524081 1342.2890223388013
65536 31036.31926385277 1786.8765719142311
131072 63545.06921384277 2215.193585038599
