16 0.9018252702463229 1.0286235954859484
32 2.7506676036542514 1.9520425469924714
64 7.510942658026654 3.465897349925191
128 18.8444669365722 6.236481479604356
256 45.02555131467345 10.263947619362908
512 102.0887055183084 16.044687289765164
1024 223.67849156332588 22.94755384765916
2048 474.4716201229963 28.926825233593128
4096 982.7854348480289 34.43665242457036
8192 2004.8796593186373 38.08121877584041
16384 4050.4006407047755 40.82078474687582
32768 8145.563725490196 43.06453898447361
65536 16338.234646929386 43.21448598988743
131072 32721.2102 43.394372021177034
