16 0.001904036557501904 0.0436020087663619
32 0.04408634843417452 0.2760775611894031
64 0.21392532795156408 0.7908432755765339
128 0.6975159375686965 1.767100264373236
256 2.22255582660912 4.545029311181314
512 5.967275232518085 9.891171663710796
1024 16.683814496314497 23.417684660380164
2048 44.24763231197772 54.017651113390286
4096 111.8300889519144 122.56125709306308
8192 276.29379277224155 269.34838117756317
16384 709.0063174821962 607.0821017834928
32768 1716.985726833553 1306.3472426106866
65536 4191.593261770645 2823.2570039540337
131072 10073.666632092107 6059.294356474018
