16 0.1703337453646477 0.5104351359892494
32 0.7455078125 1.1725016191132145
64 2.4035367213637087 2.5460338407338896
128 6.985532960283882 5.43628202262949
256 18.64276990718124 11.63221510449609
512 47.61501922641936 23.752926287785574
1024 119.59247346413638 48.440498322397495
2048 289.52889212221993 94.41101698232268
4096 678.1880350591113 170.97847639992926
8192 1543.348501664817 296.8913506560512
16384 3415.2101878830504 468.51477916981173
32768 7309.573016826923 689.1184162412133
65536 15321.929501301822 946.8727374934839
131072 31567.23076923077 1160.3463742110787
