16 0.0006444299316406251 4.5616802725731594e-5
32 0.0007956517791748046 8.308395840184898e-5
64 0.0010239693450927734 8.725626047512261e-5
128 0.0014250380706787107 0.00021165627182065936
256 0.002450749664306641 0.0003649894401408732
512 0.003771526641845703 0.0006937504776574104
1024 0.006031708602905274 0.0011255411661734867
2048 0.009589746551513671 0.0017838880024044516
4096 0.015573328933715823 0.0034783713884464877
8192 0.03064320411682129 0.0054663835603649584
16384 0.05777928924560547 0.012086922611477846
32768 0.12454876815795898 0.03217951654470872
65536 0.27018649253845217 0.09128673938816882
131072 0.5481645236968994 0.208064111515611
