16 0.000615656967163086 0.0001295345192118796
32 0.0006769817352294921 8.88232050078537e-5
64 0.0008137639617919923 8.132163420536493e-5
128 0.0010622418212890624 0.00011284329317584146
256 0.001249154586791992 0.00017936423439541356
512 0.0017498302459716796 0.0003180090428227516
1024 0.002307201080322266 0.0007136810175279589
2048 0.0032594828033447264 0.0010172018014663387
4096 0.005608279266357421 0.0017122366818707632
8192 0.008585031814575195 0.002467281427417164
16384 0.015639976654052735 0.005093157112573635
32768 0.026376726455688476 0.007378437439411768
65536 0.04308265075683594 0.012999513889308647
131072 0.09389295906066895 0.011554012992868847
