16 0.0005930714416503905 0.00012438599169863583
32 0.0006407807159423828 0.0001064217353721794
64 0.0007345214080810548 0.00010396072509079797
128 0.0007913719177246095 6.802043890824986e-5
256 0.0008312715911865234 0.00011768486052340991
512 0.0009586404418945312 0.00013576864986721002
1024 0.0012546315002441406 0.00015224307051647117
2048 0.0018101116180419925 0.00026961013627683746
4096 0.0025518361663818354 0.0002780164462977268
8192 0.005016743850708007 0.00047909156289834524
16384 0.010058078384399413 0.00048020725523570894
32768 0.01809269416809082 0.0004142225409531
65536 0.031227519531250005 0.002402677630580356
131072 0.08355068527221679 0.006977413490213823
