16 3.416188e-5 6.886121735544232e-6
32 4.492126e-5 1.0670633894316242e-5
64 5.8283759999999996e-5 1.1397334533645873e-5
128 8.744377999999998e-5 1.9622021362193227e-5
256 0.00012728142 2.595510019880879e-5
512 0.00019861747999999998 4.438758663494899e-5
1024 0.00032198131999999996 6.0326303569037554e-5
2048 0.0005366354200000001 0.00011038968065090031
4096 0.00099437058 0.00028813982362841815
8192 0.0017003711999999999 0.0003031669403537077
16384 0.0030477768 0.0003791773886023075
32768 0.0055947908999999995 0.0006928495039336554
65536 0.011161781340000001 0.0011872770482485803
131072 0.02190528004 0.0013766133567881984
