16 0.0005653211212158203 5.0914382425738376e-5
32 0.0006682537078857422 9.119559982154165e-5
64 0.0007240731048583984 6.541539884030671e-5
128 0.0007789243316650389 0.00011548292805017958
256 0.0009507704162597655 0.00016014338162673362
512 0.0010247100067138674 0.000211390050541866
1024 0.0013451814270019533 0.00013666894448084079
2048 0.0020313672637939455 0.0002947403745005387
4096 0.0032512013244628906 0.00035614972698277736
8192 0.006151346588134766 0.0005521443921000223
16384 0.016354415512084962 0.0002719873036618114
32768 0.0206098819732666 0.00037054872331948575
65536 0.036103274154663086 0.0022054288176592894
131072 0.08003374595642089 0.010552454782363595
