16 3.472112e-5 8.516603125755752e-6
32 4.800716e-5 1.5586488434826482e-5
64 7.122424000000001e-5 2.586034835818208e-5
128 0.00012533759999999998 6.785416482698278e-5
256 0.00019880950000000002 6.437801237944965e-5
512 0.00031572936 0.00010246270239672182
1024 0.0006733008399999999 0.00022314195468276993
2048 0.0013301134800000002 0.00042967549051363434
4096 0.00232551386 0.0007635298747380554
8192 0.00446835694 0.001255167274022648
16384 0.00920536926 0.0026925662783092177
32768 0.016648858359999998 0.0044803443503387275
65536 0.03400869454 0.009791880293807807
131072 0.0716894119 0.02895024853517824
