16 0.0006607601165771485 0.00011994346265177635
32 0.0007857674407958984 6.917334658815014e-5
64 0.0010321680450439451 0.00010777841920472178
128 0.001362715606689453 0.00015249653012653377
256 0.002373728485107422 0.00032560997643130086
512 0.004005781173706055 0.000674518425817426
1024 0.006206216583251953 0.0008129953294492078
2048 0.009512563400268556 0.0016690380213370422
4096 0.015605975036621094 0.0033082064820663523
8192 0.028118602447509772 0.005809994669131851
16384 0.05563669883728028 0.00907121219051574
32768 0.1276008080291748 0.02677600320283306
65536 0.27412089195251466 0.08555908193817773
131072 0.5171967126464844 0.15540104395765544
