16 3.433658e-5 6.283763265685912e-6
32 4.252782e-5 6.95840052783068e-6
64 4.99582e-5 8.05329168598728e-6
128 6.383176e-5 8.860413855815457e-6
256 8.386088e-5 1.4606705198668739e-5
512 0.0001216135 2.0255933245418666e-5
1024 0.00017516043999999997 2.1950266748562788e-5
2048 0.00030065266 3.087334653433248e-5
4096 0.00049793452 3.5305941841507625e-5
8192 0.0009622739600000001 5.105044134049766e-5
16384 0.0018970010799999998 5.5404678864838815e-5
32768 0.00385889652 9.353766183871981e-5
65536 0.00793140622 0.00014336715430033158
131072 0.01633820978 0.00014580749597808602
