16 3.562298e-5 8.700587243821358e-6
32 4.367252e-5 1.2398959922213358e-5
64 7.160456e-5 2.6539964818702367e-5
128 0.00010402698000000002 3.776384816871549e-5
256 0.00019090912 6.119632214560423e-5
512 0.00035344818 0.00012480334600559165
1024 0.0006568632199999999 0.00020885190110183
2048 0.00122616686 0.0003931191173997307
4096 0.00231651012 0.0005667691366235873
8192 0.004204104980000001 0.0011210430494644123
16384 0.008304776759999999 0.0020774276135620867
32768 0.01657220698 0.0034701098381556563
65536 0.03326198302 0.009362814821475298
131072 0.06573255246 0.017002340971629108
