16 0.0006037111663818359 0.00010415571627762122
32 0.0007094082641601562 6.901647870898297e-5
64 0.0008307158660888672 7.34369792477409e-5
128 0.0010395592498779296 0.00011994836552848497
256 0.0012821617126464846 0.00024925103901432
512 0.0017170864868164062 0.0004494313900404837
1024 0.0024196728515625 0.0006688349256548588
2048 0.003499676895141601 0.0011030312659342572
4096 0.006187554168701171 0.0020199187791240707
8192 0.010024682312011719 0.0024287050546895183
16384 0.01761943717956543 0.0013600576998050505
32768 0.025041210403442385 0.006093288795518947
65536 0.04418624153137207 0.009859404264755773
131072 0.09708667816162109 0.0135204681064299
