16 3.42865e-5 6.337812206213157e-6
32 4.283508e-5 6.525960496481163e-6
64 5.14822e-5 6.463013904881674e-6
128 6.574252e-5 9.860551082087096e-6
256 9.00462e-5 1.2947397656735218e-5
512 0.00012764123999999997 1.6653358829634684e-5
1024 0.00020863412 2.900265564240345e-5
2048 0.00034127184000000004 2.4663055000000737e-5
4096 0.00060380294 3.331531336653781e-5
8192 0.00118875662 5.398531503496189e-5
16384 0.0024733005200000004 6.465797281906559e-5
32768 0.004920360540000001 8.955067845302078e-5
65536 0.00993834674 0.00016150701407739634
131072 0.020631474479999995 0.00023407315890404008
