16 3.483384e-5 7.387866766640602e-6
32 4.230330000000001e-5 8.499449831534715e-6
64 5.5540999999999996e-5 1.2543491669599264e-5
128 8.45507e-5 1.561874576773509e-5
256 0.00012923622 3.16883737498439e-5
512 0.00019371510000000002 2.9164191192772196e-5
1024 0.00030932736 7.756504388346123e-5
2048 0.0004896889 9.981713990362986e-5
4096 0.0008646575200000001 0.00020542080867354075
8192 0.00145081882 0.0003083073300556913
16384 0.00275799994 0.0006175902014487655
32768 0.00494634722 0.00083175433009953
65536 0.00945017596 0.0013987956176012447
131072 0.0178230742 0.0013725668634041188
