16 0.00375234521575985 0.08656455468359132
32 0.012070566388115135 0.17989440307367338
64 0.010327911179963851 0.15040139437504907
128 0.01495124593716143 0.2222790316927919
256 0.018425460636515914 0.2642709662370512
512 0.020640686922060766 0.27575282860385913
1024 0.026224566691785984 0.36533483211042805
2048 0.021288515406162466 0.26956672671351417
4096 0.03210066769388803 0.3748163940872309
8192 0.039869910864851844 0.5799321458241798
16384 0.055782312925170066 0.8712668473377435
32768 0.06050328227571116 1.0758284727702807
65536 0.10241535702984918 1.9007980416053902
131072 0.17969313150036043 4.192527257870213
