16 0.031162908538130224 0.2631089043578914
32 0.04494167144769554 0.32857960620636023
64 0.0561849357011635 0.37417394928923003
128 0.05576999866897378 0.3808572337534843
256 0.062425399856767726 0.4507963211160654
512 0.05547558409921382 0.44983160776573344
1024 0.05302709568162574 0.5278757854128023
2048 0.04671457905544148 0.48636241619815707
4096 0.03239194250430205 0.4145601906725805
8192 0.016380263290121596 0.2919919488605257
16384 0.007215151818819521 0.15165305118050112
32768 0.004005206768799439 0.09693882174934776
65536 0.0016003200640128026 0.07615234232556535
131072 0.000600120024004801 0.024491220344192367
