16 0.06460576589093435 0.33027079889988853
32 0.06678625638195115 0.34122319219773917
64 0.05613825983313468 0.3243521247421112
128 0.04408018606711707 0.27734900931301815
256 0.028173439463762044 0.21744908463387996
512 0.018983466013472138 0.18310520503023792
1024 0.011934863962779407 0.12423819491892875
2048 0.0050220972278023305 0.0787578702315925
4096 0.004108216432865732 0.06850555916904177
8192 0.0016017619381319451 0.03999195429819972
16384 0.0006007810153199159 0.024504697583850227
32768 0.0003 0.017318775765030277
65536 0.0001 0.010000000000000012
131072 0.0 0.0
