16 6.582260131835937e-5 1.8981781254946915e-5
32 9.197235107421875e-5 2.3318181799318976e-5
64 0.00011631488800048828 3.1501390883264215e-5
128 0.00014390945434570313 4.029062367135753e-5
256 0.00018899917602539063 6.146548854338624e-5
512 0.00030397415161132813 8.129472035089163e-5
1024 0.00042145252227783204 9.184834485351455e-5
2048 0.0007907533645629882 0.0001064141833523501
4096 0.0012687206268310546 0.00010445095243513218
8192 0.002507009506225586 0.00013806743888704408
16384 0.0045908308029174805 0.00015329715388511835
32768 0.00955636501312256 0.00021465061417306536
65536 0.017378087043762206 0.0004923221625783491
131072 0.03786857604980469 0.0009538542415255661
