16 8.506298065185546e-5 3.1891986555357966e-5
32 0.00014413356781005859 6.302898113818394e-5
64 0.0002486562728881836 9.878177807047422e-5
128 0.00048666954040527344 0.0002650675974792724
256 0.0008614397048950195 0.0003095052005119638
512 0.0014673376083374024 0.000536290232141825
1024 0.0030021953582763674 0.0011657971407110885
2048 0.005690007209777832 0.0020169417288673653
4096 0.009573268890380859 0.0037991300139124857
8192 0.018239355087280272 0.005953684952989863
16384 0.03930968284606934 0.014823584412977191
32768 0.07134955406188964 0.021839038889261676
65536 0.13140248775482177 0.04676379643553343
131072 0.2714554214477539 0.11893669993404969
