16 7.052421569824219e-5 2.3313725801090014e-5
32 0.00010421276092529297 2.8852176482653674e-5
64 0.0001605558395385742 5.349025983132319e-5
128 0.00026535511016845704 7.471322929382414e-5
256 0.00043404579162597656 0.0001482995966182987
512 0.0006670713424682617 0.00016076176745192318
1024 0.0010170841217041016 0.0003988555073645367
2048 0.001539921760559082 0.00047929736671745426
4096 0.002579002380371094 0.0009039096574049266
8192 0.004184370040893555 0.001218726598522184
16384 0.007602005004882812 0.0024621684942593104
32768 0.013334841728210449 0.0035002894228928095
65536 0.022463884353637695 0.005520990826153829
131072 0.04277871608734131 0.004696154575984641
