16 7.353305816650391e-5 2.326825588943174e-5
32 0.00011789798736572266 3.8507345848531016e-5
64 0.00016524791717529297 4.743206146456153e-5
128 0.00026068687438964846 8.866719649411552e-5
256 0.00040762901306152344 0.0001413405496778911
512 0.0006572675704956055 0.0002651749433684519
1024 0.0010075569152832031 0.00034629364616447665
2048 0.0015424394607543945 0.0005710268697579029
4096 0.002757716178894043 0.0011445126683877608
8192 0.004282746315002441 0.0013939563041511836
16384 0.0068362998962402345 0.0012250911911195455
32768 0.011485810279846192 0.002588165477948264
65536 0.022534956932067873 0.003814418011355972
131072 0.04231344223022461 0.004366466790274231
