16 8.216381072998047e-5 3.0965877626812985e-5
32 0.00013116836547851562 5.239165970853589e-5
64 0.00025711536407470705 0.00011902685306228895
128 0.00040233612060546875 0.00017497163332249083
256 0.0008473539352416992 0.0002797795515679819
512 0.0016937494277954102 0.0006062764344350133
1024 0.0030796146392822266 0.0009877532247282337
2048 0.0054643011093139645 0.001832247011434819
4096 0.010014200210571289 0.002818761018755606
8192 0.017739095687866212 0.005769928748313005
16384 0.03689343452453613 0.011125302421220614
32768 0.07513712882995606 0.019633165293661655
65536 0.133423376083374 0.044581379892919125
131072 0.2547672986984253 0.07990714567447664
