16 6.472110748291015e-5 1.8024437500375922e-5
32 9.013652801513672e-5 2.4679908945069204e-5
64 0.00011631011962890624 3.094142234192276e-5
128 0.00013982295989990235 3.5453098102697475e-5
256 0.00019394874572753907 5.631225303201845e-5
512 0.0002873563766479492 7.516545490113251e-5
1024 0.000448145866394043 8.592663225506305e-5
2048 0.0007039403915405273 6.670940070310159e-5
4096 0.00133056640625 9.63941117443829e-5
8192 0.0025165557861328127 0.00012327476662796533
16384 0.005174326896667481 0.00016419835151920464
32768 0.009312295913696289 0.00024033312478609798
65536 0.01909608840942383 0.0002403057787048114
131072 0.03877262115478516 0.0006917909751553511
