16 0.0003808073115003808 0.019514284806274124
32 0.0018242626938279112 0.06038465111247034
64 0.0030272452068617556 0.06346793615191629
128 0.004616399208617278 0.0824309839203351
256 0.004503659223118784 0.09480887224174603
512 0.003100241129865656 0.07182162282725492
1024 0.00691031941031941 0.12186100813139836
2048 0.005431754874651811 0.09788696754321019
4096 0.009539770529844012 0.12505494253114802
8192 0.006723496218033378 0.11984995232581949
16384 0.007121525384792098 0.11320533078688899
32768 0.009771629336846728 0.13587368624221238
65536 0.009352747369539803 0.1789213708724498
131072 0.010164920651384711 0.15811514193637688
