16 0.02410065567960305 0.1799613525545224
32 0.023471539002108223 0.17787371140575017
64 0.02225210905978726 0.17200432385179226
128 0.016869095816464237 0.1556745910409015
256 0.01378286683630195 0.13434187390783436
512 0.007220216606498195 0.09055600714994737
1024 0.005793860540760317 0.08712464324941287
2048 0.0029236818227643914 0.05760846247990157
4096 0.002507774099709098 0.05001735819029029
8192 0.0007014028056112224 0.026476047255972763
16384 0.00030033036339973974 0.017328307048329133
32768 0.00020008003201280514 0.014144257279920995
65536 0.0 0.0
131072 0.0 0.0
