16 0.009147095179233622 0.10741725299476677
32 0.012109375 0.1275256419829238
64 0.019595348096224312 0.1714992990935347
128 0.020472226013375186 0.19301520258063765
256 0.018685881778212017 0.1733922324157421
512 0.017643067179371183 0.16924741482368802
1024 0.015439047925377935 0.17808786631835632
2048 0.012367491166077738 0.14686845423406875
4096 0.010497350183448838 0.14487429412376795
8192 0.0050448996064978305 0.08857417206830545
16384 0.003416055460665126 0.06936483632158122
32768 0.002403846153846154 0.06164975219364782
65536 0.0002002803925495694 0.014151336842260692
131072 0.00030009002700810244 0.017321373646044712
