2,8,3,fdratio,0.4126
2,8,3,bdratio,0.3694
2,8,3,naiveratio,0.3948
2,8,3,bdplusratio,0.6574
2,8,3,max,0.439893359185652,0.8503252216442682
2,8,3,min,0.06471158507028599,0.34244114974559775
2,8,5,fdratio,0.2719
2,8,5,bdratio,0.1973
2,8,5,naiveratio,0.2697
2,8,5,bdplusratio,0.4553
2,8,5,max,0.035307098197866864,0.2577785601689621
2,8,5,min,0.012872379551305628,0.16110986785460002
2,8,10,fdratio,0.2293
2,8,10,bdratio,0.1218
2,8,10,naiveratio,0.2293
2,8,10,bdplusratio,0.3511
2,8,10,max,0.0,0.0
2,8,10,min,0.0,0.0
4,8,3,fdratio,0.4049
4,8,3,bdratio,0.2715
4,8,3,naiveratio,0.3993
4,8,3,bdplusratio,0.6006
4,8,3,max,0.1980735984193628,0.45854453053020666
4,8,3,min,0.01654729562855026,0.1473508920018367
4,8,5,fdratio,0.2748
4,8,5,bdratio,0.125
4,8,5,naiveratio,0.274
4,8,5,bdplusratio,0.3929
4,8,5,max,0.01564774381368268,0.13801751340520826
4,8,5,min,0.0032751091703056767,0.06319523840502961
4,8,10,fdratio,0.233
4,8,10,bdratio,0.0815
4,8,10,naiveratio,0.233
4,8,10,bdplusratio,0.3145
4,8,10,max,0.0,0.0
4,8,10,min,0.0,0.0
2,16,3,fdratio,0.5758
2,16,3,bdratio,0.4753
2,16,3,naiveratio,0.5495
2,16,3,bdplusratio,0.7729
2,16,3,max,1.9326154914901008,1.8553686173889812
2,16,3,min,0.06460576589093435,0.33027079889988853
2,16,5,fdratio,0.3947
2,16,5,bdratio,0.2173
2,16,5,naiveratio,0.3873
2,16,5,bdplusratio,0.5355
2,16,5,max,0.4124651634152521,1.0181458946724231
2,16,5,min,0.031162908538130224,0.2631089043578914
2,16,10,fdratio,0.2665
2,16,10,bdratio,0.0792
2,16,10,naiveratio,0.2659
2,16,10,bdplusratio,0.3406
2,16,10,max,0.01275797373358349,0.18740986711800955
2,16,10,min,0.00375234521575985,0.08656455468359132
4,16,3,fdratio,0.5643
4,16,3,bdratio,0.346
4,16,3,naiveratio,0.553
4,16,3,bdplusratio,0.716
4,16,3,max,0.9018252702463229,1.0286235954859484
4,16,3,min,0.02410065567960305,0.1799613525545224
4,16,5,fdratio,0.4045
4,16,5,bdratio,0.1427
4,16,5,naiveratio,0.4012
4,16,5,bdplusratio,0.5028
4,16,5,max,0.1703337453646477,0.5104351359892494
4,16,5,min,0.009147095179233622,0.10741725299476677
4,16,10,fdratio,0.2626
4,16,10,bdratio,0.0477
4,16,10,naiveratio,0.2625
4,16,10,bdplusratio,0.3078
4,16,10,max,0.001904036557501904,0.0436020087663619
4,16,10,min,0.0003808073115003808,0.019514284806274124
2,32,3,fdratio,0.7247
2,32,3,bdratio,0.5956
2,32,3,naiveratio,0.6901
2,32,3,bdplusratio,0.866
2,32,3,max,5.984959293500759,3.7324131825023623
2,32,3,min,0.06678625638195115,0.34122319219773917
2,32,5,fdratio,0.5229
2,32,5,bdratio,0.2895
2,32,5,naiveratio,0.509
2,32,5,bdplusratio,0.6424
2,32,5,max,1.7223178427997705,2.547813827553882
2,32,5,min,0.04494167144769554,0.32857960620636023
2,32,10,fdratio,0.3231
2,32,10,bdratio,0.0877
2,32,10,naiveratio,0.3211
2,32,10,bdplusratio,0.3928
2,32,10,max,0.11884865366759517,0.6640624847021129
2,32,10,min,0.012070566388115135,0.17989440307367338
4,32,3,fdratio,0.7115
4,32,3,bdratio,0.4521
4,32,3,naiveratio,0.6974
4,32,3,bdplusratio,0.8265
4,32,3,max,2.7506676036542514,1.9520425469924714
4,32,3,min,0.023471539002108223,0.17787371140575017
4,32,5,fdratio,0.512
4,32,5,bdratio,0.1856
4,32,5,naiveratio,0.5069
4,32,5,bdplusratio,0.5976
4,32,5,max,0.7455078125,1.1725016191132145
4,32,5,min,0.012109375,0.1275256419829238
4,32,10,fdratio,0.3289
4,32,10,bdratio,0.0566
4,32,10,naiveratio,0.3285
4,32,10,bdplusratio,0.3751
4,32,10,max,0.04408634843417452,0.2760775611894031
4,32,10,min,0.0018242626938279112,0.06038465111247034
2,64,3,fdratio,0.839
2,64,3,bdratio,0.7149
2,64,3,naiveratio,0.8058
2,64,3,bdplusratio,0.9314
2,64,3,max,15.950297973778307,6.948529966240844
2,64,3,min,0.05613825983313468,0.3243521247421112
2,64,5,fdratio,0.6532
2,64,5,bdratio,0.3636
2,64,5,naiveratio,0.6325
2,64,5,bdplusratio,0.7492
2,64,5,max,5.412431108389467,5.55768886006756
2,64,5,min,0.0561849357011635,0.37417394928923003
2,64,10,fdratio,0.3873
2,64,10,bdratio,0.1022
2,64,10,naiveratio,0.3851
2,64,10,bdplusratio,0.4529
2,64,10,max,0.5099406145107153,1.8466428164971118
2,64,10,min,0.010327911179963851,0.15040139437504907
4,64,3,fdratio,0.8179
4,64,3,bdratio,0.5655
4,64,3,naiveratio,0.8021
4,64,3,bdplusratio,0.901
4,64,3,max,7.510942658026654,3.465897349925191
4,64,3,min,0.02225210905978726,0.17200432385179226
4,64,5,fdratio,0.6277
4,64,5,bdratio,0.2405
4,64,5,naiveratio,0.618
4,64,5,bdplusratio,0.6984
4,64,5,max,2.4035367213637087,2.5460338407338896
4,64,5,min,0.019595348096224312,0.1714992990935347
4,64,10,fdratio,0.3964
4,64,10,bdratio,0.0628
4,64,10,naiveratio,0.3954
4,64,10,bdplusratio,0.4399
4,64,10,max,0.21392532795156408,0.7908432755765339
4,64,10,min,0.0030272452068617556,0.06346793615191629
2,128,3,fdratio,0.9029
2,128,3,bdratio,0.8082
2,128,3,naiveratio,0.8738
2,128,3,bdplusratio,0.9673
2,128,3,max,39.60283530845055,12.455537971714913
2,128,3,min,0.04408018606711707,0.27734900931301815
2,128,5,fdratio,0.7513
2,128,5,bdratio,0.4652
2,128,5,naiveratio,0.7268
2,128,5,bdplusratio,0.8287
2,128,5,max,15.486756289098896,12.085617823692212
2,128,5,min,0.05576999866897378,0.3808572337534843
2,128,10,fdratio,0.4615
2,128,10,bdratio,0.1135
2,128,10,naiveratio,0.458
2,128,10,bdplusratio,0.5194
2,128,10,max,1.6489707475622968,4.216335926566421
2,128,10,min,0.01495124593716143,0.2222790316927919
4,128,3,fdratio,0.8892
4,128,3,bdratio,0.6777
4,128,3,naiveratio,0.8767
4,128,3,bdplusratio,0.9512
4,128,3,max,18.8444669365722,6.236481479604356
4,128,3,min,0.016869095816464237,0.1556745910409015
4,128,5,fdratio,0.7327
4,128,5,bdratio,0.3048
4,128,5,naiveratio,0.7215
4,128,5,bdplusratio,0.7874
4,128,5,max,6.985532960283882,5.43628202262949
4,128,5,min,0.020472226013375186,0.19301520258063765
4,128,10,fdratio,0.4549
4,128,10,bdratio,0.0717
4,128,10,naiveratio,0.4532
4,128,10,bdplusratio,0.4955
4,128,10,max,0.6975159375686965,1.767100264373236
4,128,10,min,0.004616399208617278,0.0824309839203351
2,256,3,fdratio,0.9548
2,256,3,bdratio,0.8886
2,256,3,naiveratio,0.9338
2,256,3,bdplusratio,0.9875
2,256,3,max,93.27031839128614,20.476581386457603
2,256,3,min,0.028173439463762044,0.21744908463387996
2,256,5,fdratio,0.8378
2,256,5,bdratio,0.5701
2,256,5,naiveratio,0.8115
2,256,5,bdplusratio,0.8927
2,256,5,max,40.91274767247553,25.574831551726746
2,256,5,min,0.062425399856767726,0.4507963211160654
2,256,10,fdratio,0.5373
2,256,10,bdratio,0.1364
2,256,10,naiveratio,0.5328
2,256,10,bdplusratio,0.5927
2,256,10,max,4.809975804950679,9.361911168818422
2,256,10,min,0.018425460636515914,0.2642709662370512
4,256,3,fdratio,0.9432
4,256,3,bdratio,0.7894
4,256,3,naiveratio,0.932
4,256,3,bdplusratio,0.9788
4,256,3,max,45.02555131467345,10.263947619362908
4,256,3,min,0.01378286683630195,0.13434187390783436
4,256,5,fdratio,0.8188
4,256,5,bdratio,0.3858
4,256,5,naiveratio,0.8073
4,256,5,bdplusratio,0.8589
4,256,5,max,18.64276990718124,11.63221510449609
4,256,5,min,0.018685881778212017,0.1733922324157421
4,256,10,fdratio,0.5329
4,256,10,bdratio,0.0871
4,256,10,naiveratio,0.5313
4,256,10,bdplusratio,0.5731
4,256,10,max,2.22255582660912,4.545029311181314
4,256,10,min,0.004503659223118784,0.09480887224174603
2,512,3,fdratio,0.9798
2,512,3,bdratio,0.9439
2,512,3,naiveratio,0.9655
2,512,3,bdplusratio,0.9961
2,512,3,max,210.54245764441723,31.2474636514773
2,512,3,min,0.018983466013472138,0.18310520503023792
2,512,5,fdratio,0.9031
2,512,5,bdratio,0.6993
2,512,5,naiveratio,0.8787
2,512,5,bdplusratio,0.9457
2,512,5,max,103.33008526187577,51.37898943598816
2,512,5,min,0.05547558409921382,0.44983160776573344
2,512,10,fdratio,0.6056
2,512,10,bdratio,0.157
2,512,10,naiveratio,0.5999
2,512,10,bdplusratio,0.6521
2,512,10,max,13.76221928665786,23.078853074889103
2,512,10,min,0.020640686922060766,0.27575282860385913
4,512,3,fdratio,0.9695
4,512,3,bdratio,0.8722
4,512,3,naiveratio,0.963
4,512,3,bdplusratio,0.9929
4,512,3,max,102.0887055183084,16.044687289765164
4,512,3,min,0.007220216606498195,0.09055600714994737
4,512,5,fdratio,0.8842
4,512,5,bdratio,0.4773
4,512,5,naiveratio,0.8725
4,512,5,bdplusratio,0.9181
4,512,5,max,47.61501922641936,23.752926287785574
4,512,5,min,0.017643067179371183,0.16924741482368802
4,512,10,fdratio,0.5806
4,512,10,bdratio,0.0982
4,512,10,naiveratio,0.5792
4,512,10,bdplusratio,0.6168
4,512,10,max,5.967275232518085,9.891171663710796
4,512,10,min,0.003100241129865656,0.07182162282725492
2,1024,3,fdratio,0.9887
2,1024,3,bdratio,0.966
2,1024,3,naiveratio,0.9784
2,1024,3,bdplusratio,0.9989
2,1024,3,max,456.8399919085668,42.63820440086065
2,1024,3,min,0.011934863962779407,0.12423819491892875
2,1024,5,fdratio,0.9448
2,1024,5,bdratio,0.8018
2,1024,5,naiveratio,0.922
2,1024,5,bdplusratio,0.9709
2,1024,5,max,258.86399237933955,105.28740536958766
2,1024,5,min,0.05302709568162574,0.5278757854128023
2,1024,10,fdratio,0.6635
2,1024,10,bdratio,0.1906
2,1024,10,naiveratio,0.6567
2,1024,10,bdplusratio,0.707
2,1024,10,max,36.76126601356443,52.42414139257305
2,1024,10,min,0.026224566691785984,0.36533483211042805
4,1024,3,fdratio,0.9838
4,1024,3,bdratio,0.9275
4,1024,3,naiveratio,0.9787
4,1024,3,bdplusratio,0.9976
4,1024,3,max,223.67849156332588,22.94755384765916
4,1024,3,min,0.005793860540760317,0.08712464324941287
4,1024,5,fdratio,0.9327
4,1024,5,bdratio,0.5932
4,1024,5,naiveratio,0.9226
4,1024,5,bdplusratio,0.9573
4,1024,5,max,119.59247346413638,48.440498322397495
4,1024,5,min,0.015439047925377935,0.17808786631835632
4,1024,10,fdratio,0.6512
4,1024,10,bdratio,0.1189
4,1024,10,naiveratio,0.6482
4,1024,10,bdplusratio,0.6848
4,1024,10,max,16.683814496314497,23.417684660380164
4,1024,10,min,0.00691031941031941,0.12186100813139836
2,2048,3,fdratio,0.9956
2,2048,3,bdratio,0.9852
2,2048,3,naiveratio,0.9911
2,2048,3,bdplusratio,0.9997
2,2048,3,max,959.0578545600642,55.368641455540384
2,2048,3,min,0.0050220972278023305,0.0787578702315925
2,2048,5,fdratio,0.974
2,2048,5,bdratio,0.8953
2,2048,5,naiveratio,0.9541
2,2048,5,bdplusratio,0.9899
2,2048,5,max,617.5579055441478,199.7517543296303
2,2048,5,min,0.04671457905544148,0.48636241619815707
2,2048,10,fdratio,0.714
2,2048,10,bdratio,0.2254
2,2048,10,naiveratio,0.7062
2,2048,10,bdplusratio,0.7527
2,2048,10,max,95.62941176470588,122.91126618885039
2,2048,10,min,0.021288515406162466,0.26956672671351417
4,2048,3,fdratio,0.9919
4,2048,3,bdratio,0.9633
4,2048,3,naiveratio,0.9892
4,2048,3,bdplusratio,0.9993
4,2048,3,max,474.4716201229963,28.926825233593128
4,2048,3,min,0.0029236818227643914,0.05760846247990157
4,2048,5,fdratio,0.9622
4,2048,5,bdratio,0.6961
4,2048,5,naiveratio,0.953
4,2048,5,bdplusratio,0.9749
4,2048,5,max,289.52889212221993,94.41101698232268
4,2048,5,min,0.012367491166077738,0.14686845423406875
4,2048,10,fdratio,0.718
4,2048,10,bdratio,0.1426
4,2048,10,naiveratio,0.7151
4,2048,10,bdplusratio,0.745
4,2048,10,max,44.24763231197772,54.017651113390286
4,2048,10,min,0.005431754874651811,0.09788696754321019
2,4096,3,fdratio,0.998
2,4096,3,bdratio,0.9917
2,4096,3,naiveratio,0.9942
2,4096,3,bdplusratio,0.9998
2,4096,3,max,1978.8359719438877,64.10334664129091
2,4096,3,min,0.004108216432865732,0.06850555916904177
2,4096,5,fdratio,0.9879
2,4096,5,bdratio,0.9451
2,4096,5,naiveratio,0.9754
2,4096,5,bdplusratio,0.997
2,4096,5,max,1445.0073894118839,355.03819500012446
2,4096,5,min,0.03239194250430205,0.4145601906725805
2,4096,10,fdratio,0.7788
2,4096,10,bdratio,0.2785
2,4096,10,naiveratio,0.768
2,4096,10,bdplusratio,0.8113
2,4096,10,max,247.8450179763739,276.86713797226935
2,4096,10,min,0.03210066769388803,0.3748163940872309
4,4096,3,fdratio,0.9969
4,4096,3,bdratio,0.9804
4,4096,3,naiveratio,0.9944
4,4096,3,bdplusratio,1.0
4,4096,3,max,982.7854348480289,34.43665242457036
4,4096,3,min,0.002507774099709098,0.05001735819029029
4,4096,5,fdratio,0.9812
4,4096,5,bdratio,0.7966
4,4096,5,naiveratio,0.9736
4,4096,5,bdplusratio,0.99
4,4096,5,max,678.1880350591113,170.97847639992926
4,4096,5,min,0.010497350183448838,0.14487429412376795
4,4096,10,fdratio,0.7757
4,4096,10,bdratio,0.167
4,4096,10,naiveratio,0.7702
4,4096,10,bdplusratio,0.7971
4,4096,10,max,111.8300889519144,122.56125709306308
4,4096,10,min,0.009539770529844012,0.12505494253114802
2,8192,3,fdratio,0.9989
2,8192,3,bdratio,0.9957
2,8192,3,naiveratio,0.9973
2,8192,3,bdplusratio,1.0
2,8192,3,max,4023.7019721693864,70.11681266298723
2,8192,3,min,0.0016017619381319451,0.03999195429819972
2,8192,5,fdratio,0.9951
2,8192,5,bdratio,0.9737
2,8192,5,naiveratio,0.9869
2,8192,5,bdplusratio,0.9987
2,8192,5,max,3235.416842528389,591.9199709027282
2,8192,5,min,0.016380263290121596,0.2919919488605257
2,8192,10,fdratio,0.8302
2,8192,10,bdratio,0.3448
2,8192,10,naiveratio,0.8196
2,8192,10,bdplusratio,0.8551
2,8192,10,max,634.9908455793785,619.1719907574707
2,8192,10,min,0.039869910864851844,0.5799321458241798
4,8192,3,fdratio,0.998
4,8192,3,bdratio,0.9895
4,8192,3,naiveratio,0.9973
4,8192,3,bdplusratio,0.9999
4,8192,3,max,2004.8796593186373,38.08121877584041
4,8192,3,min,0.0007014028056112224,0.026476047255972763
4,8192,5,fdratio,0.9911
4,8192,5,bdratio,0.8759
4,8192,5,naiveratio,0.9869
4,8192,5,bdplusratio,0.9969
4,8192,5,max,1543.348501664817,296.8913506560512
4,8192,5,min,0.0050448996064978305,0.08857417206830545
4,8192,10,fdratio,0.8329
4,8192,10,bdratio,0.2055
4,8192,10,naiveratio,0.8292
4,8192,10,bdplusratio,0.8524
4,8192,10,max,276.29379277224155,269.34838117756317
4,8192,10,min,0.006723496218033378,0.11984995232581949
2,16384,3,fdratio,0.9987
2,16384,3,bdratio,0.9978
2,16384,3,naiveratio,0.9981
2,16384,3,bdplusratio,1.0
2,16384,3,max,8114.869430259337,75.69523134897192
2,16384,3,min,0.0006007810153199159,0.024504697583850227
2,16384,5,fdratio,0.9979
2,16384,5,bdratio,0.988
2,16384,5,naiveratio,0.9931
2,16384,5,bdplusratio,0.9999
2,16384,5,max,7013.89397735244,942.1801119649282
2,16384,5,min,0.007215151818819521,0.15165305118050112
2,16384,10,fdratio,0.882
2,16384,10,bdratio,0.4103
2,16384,10,naiveratio,0.8667
2,16384,10,bdplusratio,0.8996
2,16384,10,max,1555.3336734693878,1362.7689556767073
2,16384,10,min,0.055782312925170066,0.8712668473377435
4,16384,3,fdratio,0.9989
4,16384,3,bdratio,0.9956
4,16384,3,naiveratio,0.9986
4,16384,3,bdplusratio,1.0
4,16384,3,max,4050.4006407047755,40.82078474687582
4,16384,3,min,0.00030033036339973974,0.017328307048329133
4,16384,5,fdratio,0.9953
4,16384,5,bdratio,0.9352
4,16384,5,naiveratio,0.9924
4,16384,5,bdplusratio,0.999
4,16384,5,max,3415.2101878830504,468.51477916981173
4,16384,5,min,0.003416055460665126,0.06936483632158122
4,16384,10,fdratio,0.8706
4,16384,10,bdratio,0.2557
4,16384,10,naiveratio,0.8661
4,16384,10,bdplusratio,0.8855
4,16384,10,max,709.0063174821962,607.0821017834928
4,16384,10,min,0.007121525384792098,0.11320533078688899
2,32768,3,fdratio,1.0
2,32768,3,bdratio,0.9991
2,32768,3,naiveratio,0.9997
2,32768,3,bdplusratio,1.0
2,32768,3,max,16307.0854,78.84507696398136
2,32768,3,min,0.0003,0.017318775765030277
2,32768,5,fdratio,0.9987
2,32768,5,bdratio,0.9936
2,32768,5,naiveratio,0.9963
2,32768,5,bdplusratio,1.0
2,32768,5,max,14926.245018524081,1342.2890223388013
2,32768,5,min,0.004005206768799439,0.09693882174934776
2,32768,10,fdratio,0.914
2,32768,10,bdratio,0.499
2,32768,10,naiveratio,0.9008
2,32768,10,bdplusratio,0.9296
2,32768,10,max,3842.390262582057,2979.1994128964466
2,32768,10,min,0.06050328227571116,1.0758284727702807
4,32768,3,fdratio,0.9996
4,32768,3,bdratio,0.9979
4,32768,3,naiveratio,0.9994
4,32768,3,bdplusratio,1.0
4,32768,3,max,8145.563725490196,43.06453898447361
4,32768,3,min,0.00020008003201280514,0.014144257279920995
4,32768,5,fdratio,0.9984
4,32768,5,bdratio,0.9623
4,32768,5,naiveratio,0.9966
4,32768,5,bdplusratio,0.9995
4,32768,5,max,7309.573016826923,689.1184162412133
4,32768,5,min,0.002403846153846154,0.06164975219364782
4,32768,10,fdratio,0.9108
4,32768,10,bdratio,0.2942
4,32768,10,naiveratio,0.9045
4,32768,10,bdplusratio,0.9189
4,32768,10,max,1716.985726833553,1306.3472426106866
4,32768,10,min,0.009771629336846728,0.13587368624221238
2,65536,3,fdratio,1.0
2,65536,3,bdratio,0.9997
2,65536,3,naiveratio,0.9999
2,65536,3,bdplusratio,1.0
2,65536,3,max,32689.855,81.30209454902011
2,65536,3,min,0.0001,0.010000000000000012
2,65536,5,fdratio,0.9998
2,65536,5,bdratio,0.9959
2,65536,5,naiveratio,0.9988
2,65536,5,bdplusratio,1.0
2,65536,5,max,31036.31926385277,1786.8765719142311
2,65536,5,min,0.0016003200640128026,0.07615234232556535
2,65536,10,fdratio,0.9481
2,65536,10,bdratio,0.6001
2,65536,10,naiveratio,0.9354
2,65536,10,bdplusratio,0.9584
2,65536,10,max,9269.765109165699,6400.221007489897
2,65536,10,min,0.10241535702984918,1.9007980416053902
4,65536,3,fdratio,0.9998
4,65536,3,bdratio,0.9986
4,65536,3,naiveratio,0.9998
4,65536,3,bdplusratio,1.0
4,65536,3,max,16338.234646929386,43.21448598988743
4,65536,3,min,0.0,0.0
4,65536,5,fdratio,0.9986
4,65536,5,bdratio,0.98
4,65536,5,naiveratio,0.9984
4,65536,5,bdplusratio,1.0
4,65536,5,max,15321.929501301822,946.8727374934839
4,65536,5,min,0.0002002803925495694,0.014151336842260692
4,65536,10,fdratio,0.9409
4,65536,10,bdratio,0.3606
4,65536,10,naiveratio,0.9361
4,65536,10,bdplusratio,0.9487
4,65536,10,max,4191.593261770645,2823.2570039540337
4,65536,10,min,0.009352747369539803,0.1789213708724498
2,131072,3,fdratio,1.0
2,131072,3,bdratio,0.9996
2,131072,3,naiveratio,1.0
2,131072,3,bdplusratio,1.0
2,131072,3,max,65456.6272,82.18391472632571
2,131072,3,min,0.0,0.0
2,131072,5,fdratio,0.9998
2,131072,5,bdratio,0.9985
2,131072,5,naiveratio,0.9992
2,131072,5,bdplusratio,1.0
2,131072,5,max,63545.06921384277,2215.193585038599
2,131072,5,min,0.000600120024004801,0.024491220344192367
2,131072,10,fdratio,0.9711
2,131072,10,bdratio,0.7047
2,131072,10,naiveratio,0.9593
2,131072,10,bdplusratio,0.9765
2,131072,10,max,22378.210585933477,13321.351760049327
2,131072,10,min,0.17969313150036043,4.192527257870213
4,131072,3,fdratio,1.0
4,131072,3,bdratio,0.9996
4,131072,3,naiveratio,1.0
4,131072,3,bdplusratio,1.0
4,131072,3,max,32721.2102,43.394372021177034
4,131072,3,min,0.0,0.0
4,131072,5,fdratio,0.9997
4,131072,5,bdratio,0.9888
4,131072,5,naiveratio,0.9994
4,131072,5,bdplusratio,1.0
4,131072,5,max,31567.23076923077,1160.3463742110787
4,131072,5,min,0.00030009002700810244,0.017321373646044712
4,131072,10,fdratio,0.9641
4,131072,10,bdratio,0.4354
4,131072,10,naiveratio,0.9583
4,131072,10,bdplusratio,0.9672
4,131072,10,max,10073.666632092107,6059.294356474018
4,131072,10,min,0.010164920651384711,0.15811514193637688
