Results are written to 'results.ans'.
rdiv,n,xysz,d,alg,avgtime,stdtime
2,16,rand,3,wzlpy,4.786014556884766e-5,7.348682006373615e-6
2,16,rand,3,minpy,6.472110748291015e-5,1.8024437500375922e-5
2,16,rand,3,jtbpy,0.011389284133911133,0.008052166522249165
2,16,rand,3,wzljl,2.648996e-5,1.4983796140348085e-6
2,16,rand,3,minjl,3.42865e-5,6.337812206213157e-6
2,16,rand,3,wzljs,0.000480353012084961,5.011831986128961e-5
2,16,rand,3,minjs,0.0005653211212158203,5.0914382425738376e-5
2,16,rand,3,ratio,0.56
2,16,rand,3,max,1.5714285714285714,1.8743605611587952
2,16,rand,3,min,0.10714285714285714,0.4162696521251859
2,16,rand,5,wzlpy,5.9189796447753904e-5,5.002225921524198e-6
2,16,rand,5,minpy,7.353305816650391e-5,2.326825588943174e-5
2,16,rand,5,jtbpy,0.01030813217163086,0.009844085492234707
2,16,rand,5,wzljl,2.814646e-5,1.3233745549363798e-6
2,16,rand,5,minjl,3.416188e-5,6.886121735544232e-6
2,16,rand,5,wzljs,0.0005255149841308594,7.11664248947409e-5
2,16,rand,5,minjs,0.0006037111663818359,0.00010415571627762122
2,16,rand,5,ratio,0.36
2,16,rand,5,max,0.16666666666666666,0.38348249442368526
2,16,rand,5,min,0.0,0.0
2,16,rand,10,wzlpy,7.029533386230468e-5,5.0869786317030406e-6
2,16,rand,10,minpy,8.506298065185546e-5,3.1891986555357966e-5
2,16,rand,10,jtbpy,0.01058183193206787,0.0019357462933465922
2,16,rand,10,wzljl,2.9574640000000003e-5,1.4428871391507134e-6
2,16,rand,10,minjl,3.472112e-5,8.516603125755752e-6
2,16,rand,10,wzljs,0.0006039775085449219,0.0001086812371088821
2,16,rand,10,minjs,0.0006444299316406251,4.5616802725731594e-5
2,16,rand,10,ratio,0.22
2,16,rand,10,max,0.0,0.0
2,16,rand,10,min,0.0,0.0
2,32,rand,3,wzlpy,6.044387817382813e-5,1.3041588342056518e-5
2,32,rand,3,minpy,9.013652801513672e-5,2.4679908945069204e-5
2,32,rand,3,jtbpy,0.05229137897491455,0.024754950603386474
2,32,rand,3,wzljl,3.102582e-5,1.9518234560721596e-6
2,32,rand,3,minjl,4.283508e-5,6.525960496481163e-6
2,32,rand,3,wzljs,0.0005088841247558594,4.193454572687181e-5
2,32,rand,3,minjs,0.0006682537078857422,9.119559982154165e-5
2,32,rand,3,ratio,0.82
2,32,rand,3,max,4.7560975609756095,3.5198045954632056
2,32,rand,3,min,0.024390243902439025,0.15617376188860604
2,32,rand,5,wzlpy,8.367061614990234e-5,1.5079869640517114e-5
2,32,rand,5,minpy,0.00011789798736572266,3.8507345848531016e-5
2,32,rand,5,jtbpy,0.05631368637084961,0.03279793869324493
2,32,rand,5,wzljl,3.4082579999999996e-5,2.495292662807556e-6
2,32,rand,5,minjl,4.492126e-5,1.0670633894316242e-5
2,32,rand,5,wzljs,0.0005945326232910156,8.162669940997061e-5
2,32,rand,5,minjs,0.0007094082641601562,6.901647870898297e-5
2,32,rand,5,ratio,0.56
2,32,rand,5,max,1.5357142857142858,2.4867373069671896
2,32,rand,5,min,0.03571428571428571,0.18898223650461368
2,32,rand,10,wzlpy,0.00010406970977783203,1.4342390042271587e-5
2,32,rand,10,minpy,0.00014413356781005859,6.302898113818394e-5
2,32,rand,10,jtbpy,0.09874440670013428,0.17020321671145558
2,32,rand,10,wzljl,3.6346519999999996e-5,1.9628685718111856e-6
2,32,rand,10,minjl,4.800716e-5,1.5586488434826482e-5
2,32,rand,10,wzljs,0.0006961213684082032,3.558046085297167e-5
2,32,rand,10,minjs,0.0007956517791748046,8.308395840184898e-5
2,32,rand,10,ratio,0.34
2,32,rand,10,max,0.058823529411764705,0.24253562503633297
2,32,rand,10,min,0.0,0.0
2,64,rand,3,wzlpy,7.576465606689452e-5,2.111544196241896e-5
2,64,rand,3,minpy,0.00011631011962890624,3.094142234192276e-5
2,64,rand,3,jtbpy,0.26269044876098635,0.08788629413138398
2,64,rand,3,wzljl,3.77989e-5,4.4107103562735525e-6
2,64,rand,3,minjl,5.14822e-5,6.463013904881674e-6
2,64,rand,3,wzljs,0.0005700175476074219,6.247021329458734e-5
2,64,rand,3,minjs,0.0007240731048583984,6.541539884030671e-5
2,64,rand,3,ratio,0.88
2,64,rand,3,max,15.295454545454545,7.893416584089481
2,64,rand,3,min,0.045454545454545456,0.3015113445777636
2,64,rand,5,wzlpy,0.00011610507965087891,2.0506288507302507e-5
2,64,rand,5,minpy,0.00016524791717529297,4.743206146456153e-5
2,64,rand,5,jtbpy,0.37424756526947023,0.19016088811126472
2,64,rand,5,wzljl,4.428264e-5,2.4073924648880994e-6
2,64,rand,5,minjl,5.8283759999999996e-5,1.1397334533645873e-5
2,64,rand,5,wzljs,0.0006984970855712891,4.667510083701981e-5
2,64,rand,5,minjs,0.0008307158660888672,7.34369792477409e-5
2,64,rand,5,ratio,0.6
2,64,rand,5,max,3.8333333333333335,3.1631862301225295
2,64,rand,5,min,0.0,0.0
2,64,rand,10,wzlpy,0.0001683664321899414,2.849645805403589e-5
2,64,rand,10,minpy,0.0002486562728881836,9.878177807047422e-5
2,64,rand,10,jtbpy,0.4689099025726318,0.1809611878538954
2,64,rand,10,wzljl,5.064908e-5,3.806440020034789e-6
2,64,rand,10,minjl,7.122424000000001e-5,2.586034835818208e-5
2,64,rand,10,wzljs,0.0009478638458251953,0.00018700859429918932
2,64,rand,10,minjs,0.0010239693450927734,8.725626047512261e-5
2,64,rand,10,ratio,0.42
2,64,rand,10,max,0.3333333333333333,0.7302967433402214
2,64,rand,10,min,0.0,0.0
2,128,rand,3,wzlpy,9.041786193847656e-5,2.8958662559642448e-5
2,128,rand,3,minpy,0.00013982295989990235,3.5453098102697475e-5
2,128,rand,3,jtbpy,1.3578356170654298,0.47373929549619276
2,128,rand,3,wzljl,4.886642e-5,5.952091068297437e-6
2,128,rand,3,minjl,6.574252e-5,9.860551082087096e-6
2,128,rand,3,wzljs,0.0006017822265625,7.44882821219875e-5
2,128,rand,3,minjs,0.0007789243316650389,0.00011548292805017958
2,128,rand,3,ratio,0.86
2,128,rand,3,max,43.97674418604651,11.730076060511376
2,128,rand,3,min,0.046511627906976744,0.30499714066520933
2,128,rand,5,wzlpy,0.00016784191131591797,4.510837880339212e-5
2,128,rand,5,minpy,0.00026068687438964846,8.866719649411552e-5
2,128,rand,5,jtbpy,2.2976090860366822,0.5122815547059522
2,128,rand,5,wzljl,6.292504000000001e-5,6.818118125544434e-6
2,128,rand,5,minjl,8.744377999999998e-5,1.9622021362193227e-5
2,128,rand,5,wzljs,0.0008646987152099609,0.00015642559609537173
2,128,rand,5,minjs,0.0010395592498779296,0.00011994836552848497
2,128,rand,5,ratio,0.76
2,128,rand,5,max,13.605263157894736,8.942880223151432
2,128,rand,5,min,0.07894736842105263,0.3587952022464204
2,128,rand,10,wzlpy,0.0002929067611694336,6.549344206581759e-5
2,128,rand,10,minpy,0.00048666954040527344,0.0002650675974792724
2,128,rand,10,jtbpy,2.000000411951082e7,1.414213556428332e8
2,128,rand,10,wzljl,7.763926e-5,8.473039988416561e-6
2,128,rand,10,minjl,0.00012533759999999998,6.785416482698278e-5
2,128,rand,10,wzljs,0.0012772792053222656,0.00017054854292692574
2,128,rand,10,minjs,0.0014250380706787107,0.00021165627182065936
2,128,rand,10,ratio,0.48
2,128,rand,10,max,5.291666666666667,14.973829827740964
2,128,rand,10,min,0.08333333333333333,0.40824829046386313
2,256,rand,3,wzlpy,0.00013240814208984375,4.500725448829223e-5
2,256,rand,3,minpy,0.00019394874572753907,5.631225303201845e-5
2,256,rand,3,jtbpy,7.114653081893921,3.0635232089572324
2,256,rand,3,wzljl,7.062722e-5,9.659895449406757e-6
2,256,rand,3,minjl,9.00462e-5,1.2947397656735218e-5
2,256,rand,3,wzljs,0.00074846923828125,0.0001095736675819233
2,256,rand,3,minjs,0.0009507704162597655,0.00016014338162673362
2,256,rand,3,ratio,0.96
2,256,rand,3,max,92.64583333333333,20.690721101892798
2,256,rand,3,min,0.0,0.0
2,256,rand,5,wzlpy,0.0002903270721435547,9.847080263211585e-5
2,256,rand,5,minpy,0.00040762901306152344,0.0001413405496778911
2,256,rand,5,jtbpy,15.929000906944275,3.6025132590279556
2,256,rand,5,wzljl,9.684893999999999e-5,1.2117599629969827e-5
2,256,rand,5,minjl,0.00012728142,2.595510019880879e-5
2,256,rand,5,wzljs,0.0010261971282958984,0.00021257219252187324
2,256,rand,5,minjs,0.0012821617126464846,0.00024925103901432
2,256,rand,5,ratio,0.82
2,256,rand,5,max,36.19512195121951,21.915998165946174
2,256,rand,5,min,0.024390243902439025,0.15617376188860604
2,256,rand,10,wzlpy,0.0005617475509643554,0.00011606692324509756
2,256,rand,10,minpy,0.0008614397048950195,0.0003095052005119638
2,256,rand,10,jtbpy,1.600000228418922e8,3.703280298387906e8
2,256,rand,10,wzljl,0.0001292835,1.215073338216627e-5
2,256,rand,10,minjl,0.00019880950000000002,6.437801237944965e-5
2,256,rand,10,wzljs,0.002240003433227539,0.0004763677350977089
2,256,rand,10,minjs,0.002450749664306641,0.0003649894401408732
2,256,rand,10,ratio,0.56
2,256,rand,10,max,4.214285714285714,7.627227751588593
2,256,rand,10,min,0.0,0.0
2,512,rand,3,wzlpy,0.00019833087921142578,6.472433349202284e-5
2,512,rand,3,minpy,0.0002873563766479492,7.516545490113251e-5
2,512,rand,3,jtbpy,5.200000090207713e8,5.0467204002000856e8
2,512,rand,3,wzljl,0.00010505968,1.4560694284915657e-5
2,512,rand,3,minjl,0.00012764123999999997,1.6653358829634684e-5
2,512,rand,3,wzljs,0.0007495516204833984,0.00011539092503264371
2,512,rand,3,minjs,0.0010247100067138674,0.000211390050541866
2,512,rand,3,ratio,0.96
2,512,rand,3,max,210.58333333333334,30.33489201824963
2,512,rand,3,min,0.020833333333333332,0.14433756729740646
2,512,rand,5,wzlpy,0.00047264575958251955,0.00019092719862503788
2,512,rand,5,minpy,0.0006572675704956055,0.0002651749433684519
2,512,rand,5,jtbpy,1.0e9,0.0
2,512,rand,5,wzljl,0.00015457588,2.618578736771035e-5
2,512,rand,5,minjl,0.00019861747999999998,4.438758663494899e-5
2,512,rand,5,wzljs,0.0015251509857177733,0.0006743681481843969
2,512,rand,5,minjs,0.0017170864868164062,0.0004494313900404837
2,512,rand,5,ratio,0.92
2,512,rand,5,max,98.3913043478261,46.75775788791967
2,512,rand,5,min,0.0,0.0
2,512,rand,10,wzlpy,0.001058526039123535,0.00023898777984967704
2,512,rand,10,minpy,0.0014673376083374024,0.000536290232141825
2,512,rand,10,jtbpy,1.0e9,0.0
2,512,rand,10,wzljl,0.00021791642,2.4133601729800987e-5
2,512,rand,10,minjl,0.00031572936,0.00010246270239672182
2,512,rand,10,wzljs,0.003469203414916992,0.0006949195307042459
2,512,rand,10,minjs,0.003771526641845703,0.0006937504776574104
2,512,rand,10,ratio,0.56
2,512,rand,10,max,13.107142857142858,15.71585490000767
2,512,rand,10,min,0.0,0.0
2,1024,rand,3,wzlpy,0.000313262939453125,6.698973905062096e-5
2,1024,rand,3,minpy,0.000448145866394043,8.592663225506305e-5
2,1024,rand,3,jtbpy,1.0e9,0.0
2,1024,rand,3,wzljl,0.00018052906,2.291517775108178e-5
2,1024,rand,3,minjl,0.00020863412,2.900265564240345e-5
2,1024,rand,3,wzljs,0.0010472897338867188,0.00012044099080359336
2,1024,rand,3,minjs,0.0013451814270019533,0.00013666894448084079
2,1024,rand,3,ratio,0.98
2,1024,rand,3,max,462.2448979591837,39.60772789296979
2,1024,rand,3,min,0.0,0.0
2,1024,rand,5,wzlpy,0.0007568454742431641,0.0002978746711907912
2,1024,rand,5,minpy,0.0010075569152832031,0.00034629364616447665
2,1024,rand,5,jtbpy,1.0e9,0.0
2,1024,rand,5,wzljl,0.00025364692,4.272461877874848e-5
2,1024,rand,5,minjl,0.00032198131999999996,6.0326303569037554e-5
2,1024,rand,5,wzljs,0.0020385314941406252,0.0006207402805850539
2,1024,rand,5,minjs,0.0024196728515625,0.0006688349256548588
2,1024,rand,5,ratio,0.94
2,1024,rand,5,max,250.46808510638297,106.64403427409087
2,1024,rand,5,min,0.0,0.0
2,1024,rand,10,wzlpy,0.0019002866744995117,0.0005134075713378884
2,1024,rand,10,minpy,0.0030021953582763674,0.0011657971407110885
2,1024,rand,10,jtbpy,1.0e9,0.0
2,1024,rand,10,wzljl,0.00043253717999999997,6.588531622097877e-5
2,1024,rand,10,minjl,0.0006733008399999999,0.00022314195468276993
2,1024,rand,10,wzljs,0.005549719390869141,0.001136918133033276
2,1024,rand,10,minjs,0.006031708602905274,0.0011255411661734867
2,1024,rand,10,ratio,0.68
2,1024,rand,10,max,46.470588235294116,91.06149613547635
2,1024,rand,10,min,0.029411764705882353,0.17149858514250885
2,2048,rand,3,wzlpy,0.0004906225204467774,5.604277887951482e-5
2,2048,rand,3,minpy,0.0007039403915405273,6.670940070310159e-5
2,2048,rand,3,jtbpy,1.0e9,0.0
2,2048,rand,3,wzljl,0.00030717174,2.2509490629519102e-5
2,2048,rand,3,minjl,0.00034127184000000004,2.4663055000000737e-5
2,2048,rand,3,wzljs,0.0015322642517089844,0.0001995278008811209
2,2048,rand,3,minjs,0.0020313672637939455,0.0002947403745005387
2,2048,rand,3,ratio,1.0
2,2048,rand,3,max,979.14,37.840163308099946
2,2048,rand,3,min,0.0,0.0
2,2048,rand,5,wzlpy,0.0011594486236572265,0.0004952910729377041
2,2048,rand,5,minpy,0.0015424394607543945,0.0005710268697579029
2,2048,rand,5,jtbpy,1.0e9,0.0
2,2048,rand,5,wzljl,0.00046199276,8.845637915588562e-5
2,2048,rand,5,minjl,0.0005366354200000001,0.00011038968065090031
2,2048,rand,5,wzljs,0.0028821952056884764,0.0010826336198028275
2,2048,rand,5,minjs,0.003499676895141601,0.0011030312659342572
2,2048,rand,5,ratio,0.94
2,2048,rand,5,max,645.3829787234042,173.40848396971083
2,2048,rand,5,min,0.02127659574468085,0.14586499149789456
2,2048,rand,10,wzlpy,0.0035995006561279296,0.0010630986675133087
2,2048,rand,10,minpy,0.005690007209777832,0.0020169417288673653
2,2048,rand,10,jtbpy,1.0e9,0.0
2,2048,rand,10,wzljl,0.0008653977,0.0001534152454620253
2,2048,rand,10,minjl,0.0013301134800000002,0.00042967549051363434
2,2048,rand,10,wzljs,0.008626601715087891,0.00185146726146804
2,2048,rand,10,minjs,0.009589746551513671,0.0017838880024044516
2,2048,rand,10,ratio,0.8
2,2048,rand,10,max,120.825,210.77499091417795
2,2048,rand,10,min,0.0,0.0
2,4096,rand,3,wzlpy,0.0009640884399414062,8.586844924133541e-5
2,4096,rand,3,minpy,0.00133056640625,9.63941117443829e-5
2,4096,rand,3,jtbpy,1.0e9,0.0
2,4096,rand,3,wzljl,0.0005650946199999999,3.085258130297584e-5
2,4096,rand,3,minjl,0.00060380294,3.331531336653781e-5
2,4096,rand,3,wzljs,0.0024706912994384767,0.0004572863109908962
2,4096,rand,3,minjs,0.0032512013244628906,0.00035614972698277736
2,4096,rand,3,ratio,1.0
2,4096,rand,3,max,1991.74,41.55144831582717
2,4096,rand,3,min,0.0,0.0
2,4096,rand,5,wzlpy,0.0020387077331542967,0.0008643488506086774
2,4096,rand,5,minpy,0.002757716178894043,0.0011445126683877608
2,4096,rand,5,jtbpy,1.0e9,0.0
2,4096,rand,5,wzljl,0.00086680498,0.00018856529549609655
2,4096,rand,5,minjl,0.00099437058,0.00028813982362841815
2,4096,rand,5,wzljs,0.005084027938842773,0.0019063350731532084
2,4096,rand,5,minjs,0.006187554168701171,0.0020199187791240707
2,4096,rand,5,ratio,0.98
2,4096,rand,5,max,1350.142857142857,397.9836680066156
2,4096,rand,5,min,0.10204081632653061,0.7142857142857139
2,4096,rand,10,wzlpy,0.006549677848815918,0.0016521426155025032
2,4096,rand,10,minpy,0.009573268890380859,0.0037991300139124857
2,4096,rand,10,jtbpy,1.0e9,0.0
2,4096,rand,10,wzljl,0.0016741499799999998,0.00022670303632550592
2,4096,rand,10,minjl,0.00232551386,0.0007635298747380554
2,4096,rand,10,wzljs,0.013705795440673829,0.00284748484531983
2,4096,rand,10,minjs,0.015573328933715823,0.0034783713884464877
2,4096,rand,10,ratio,0.72
2,4096,rand,10,max,206.22222222222223,222.72431532035438
2,4096,rand,10,min,0.1111111111111111,0.6666666666666666
2,8192,rand,3,wzlpy,0.0018079137802124022,0.00011343860101000421
2,8192,rand,3,minpy,0.0025165557861328127,0.00012327476662796533
2,8192,rand,3,jtbpy,1.0e9,0.0
2,8192,rand,3,wzljl,0.00116459322,5.2843546070622086e-5
2,8192,rand,3,minjl,0.00118875662,5.398531503496189e-5
2,8192,rand,3,wzljs,0.004685562744140625,0.0005060573340883671
2,8192,rand,3,minjs,0.006151346588134766,0.0005521443921000223
2,8192,rand,3,ratio,1.0
2,8192,rand,3,max,4013.96,70.36231598095732
2,8192,rand,3,min,0.0,0.0
2,8192,rand,5,wzlpy,0.003386082649230957,0.0013283503777515768
2,8192,rand,5,minpy,0.004282746315002441,0.0013939563041511836
2,8192,rand,5,jtbpy,1.0e9,0.0
2,8192,rand,5,wzljl,0.0016234059600000001,0.00028032814323253823
2,8192,rand,5,minjl,0.0017003711999999999,0.0003031669403537077
2,8192,rand,5,wzljs,0.008357271423339845,0.002159547248637539
2,8192,rand,5,minjs,0.010024682312011719,0.0024287050546895183
2,8192,rand,5,ratio,1.0
2,8192,rand,5,max,3153.14,557.0073098849836
2,8192,rand,5,min,0.0,0.0
2,8192,rand,10,wzlpy,0.013426537513732911,0.003700336141993651
2,8192,rand,10,minpy,0.018239355087280272,0.005953684952989863
2,8192,rand,10,jtbpy,1.0e9,0.0
2,8192,rand,10,wzljl,0.003384115879999999,0.0005289560526618614
2,8192,rand,10,minjl,0.00446835694,0.001255167274022648
2,8192,rand,10,wzljs,0.028107410583496095,0.005934177641034723
2,8192,rand,10,minjs,0.03064320411682129,0.0054663835603649584
2,8192,rand,10,ratio,0.7
2,8192,rand,10,max,610.0571428571428,594.5807689089031
2,8192,rand,10,min,0.02857142857142857,0.1690308509457033
2,16384,rand,3,wzlpy,0.003836760520935059,0.00013581058838305489
2,16384,rand,3,minpy,0.005174326896667481,0.00016419835151920464
2,16384,rand,3,jtbpy,1.0e9,0.0
2,16384,rand,3,wzljl,0.0024158686600000002,6.328338548685554e-5
2,16384,rand,3,minjl,0.0024733005200000004,6.465797281906559e-5
2,16384,rand,3,wzljs,0.009371424331665039,0.00047677658050429653
2,16384,rand,3,minjs,0.016354415512084962,0.0002719873036618114
2,16384,rand,3,ratio,1.0
2,16384,rand,3,max,8119.42,64.54964550401402
2,16384,rand,3,min,0.02,0.1414213562373095
2,16384,rand,5,wzlpy,0.005307068824768066,0.0012154993819284514
2,16384,rand,5,minpy,0.0068362998962402345,0.0012250911911195455
2,16384,rand,5,jtbpy,1.0e9,0.0
2,16384,rand,5,wzljl,0.0029657874799999995,0.0003730755961754712
2,16384,rand,5,minjl,0.0030477768,0.0003791773886023075
2,16384,rand,5,wzljs,0.011577597427368165,0.0017995878822195635
2,16384,rand,5,minjs,0.01761943717956543,0.0013600576998050505
2,16384,rand,5,ratio,1.0
2,16384,rand,5,max,7184.52,657.4764445225705
2,16384,rand,5,min,0.0,0.0
2,16384,rand,10,wzlpy,0.028343043327331542,0.009041798549555717
2,16384,rand,10,minpy,0.03930968284606934,0.014823584412977191
2,16384,rand,10,jtbpy,1.0e9,0.0
2,16384,rand,10,wzljl,0.00704012678,0.001221671080901948
2,16384,rand,10,minjl,0.00920536926,0.0026925662783092177
2,16384,rand,10,wzljs,0.052505247192382816,0.010898835377385922
2,16384,rand,10,minjs,0.05777928924560547,0.012086922611477846
2,16384,rand,10,ratio,0.94
2,16384,rand,10,max,1294.4893617021276,1021.5734426840833
2,16384,rand,10,min,0.0,0.0
2,32768,rand,3,wzlpy,0.006537961959838867,0.00024511971031848716
2,32768,rand,3,minpy,0.009312295913696289,0.00024033312478609798
2,32768,rand,3,jtbpy,1.0e9,0.0
2,32768,rand,3,wzljl,0.004970670619999999,8.727429244976878e-5
2,32768,rand,3,minjl,0.004920360540000001,8.955067845302078e-5
2,32768,rand,3,wzljs,0.014344976196289064,0.00039390251053851783
2,32768,rand,3,minjs,0.0206098819732666,0.00037054872331948575
2,32768,rand,3,ratio,1.0
2,32768,rand,3,max,16286.34,84.26818461777559
2,32768,rand,3,min,0.0,0.0
2,32768,rand,5,wzlpy,0.008413457870483398,0.002590230606896394
2,32768,rand,5,minpy,0.011485810279846192,0.002588165477948264
2,32768,rand,5,jtbpy,1.0e9,0.0
2,32768,rand,5,wzljl,0.005620697020000001,0.0007145530245065431
2,32768,rand,5,minjl,0.0055947908999999995,0.0006928495039336554
2,32768,rand,5,wzljs,0.01841994041442871,0.00586825697079044
2,32768,rand,5,minjs,0.025041210403442385,0.006093288795518947
2,32768,rand,5,ratio,1.0
2,32768,rand,5,max,15284.52,1089.5782041033783
2,32768,rand,5,min,0.0,0.0
2,32768,rand,10,wzlpy,0.05409745693206787,0.017486326113560758
2,32768,rand,10,minpy,0.07134955406188964,0.021839038889261676
2,32768,rand,10,jtbpy,1.0e9,0.0
2,32768,rand,10,wzljl,0.01340482386,0.00262213293807132
2,32768,rand,10,minjl,0.016648858359999998,0.0044803443503387275
2,32768,rand,10,wzljs,0.10773560684204103,0.029854959895895587
2,32768,rand,10,minjs,0.12454876815795898,0.03217951654470872
2,32768,rand,10,ratio,0.98
2,32768,rand,10,max,3678.122448979592,2535.633012949734
2,32768,rand,10,min,0.04081632653061224,0.28571428571428575
2,65536,rand,3,wzlpy,0.01328615665435791,0.00023210589250126235
2,65536,rand,3,minpy,0.01909608840942383,0.0002403057787048114
2,65536,rand,3,jtbpy,1.0e9,0.0
2,65536,rand,3,wzljl,0.00966593756,0.0001350387821748694
2,65536,rand,3,minjl,0.00993834674,0.00016150701407739634
2,65536,rand,3,wzljs,0.0248053515625,0.0020351673983326677
2,65536,rand,3,minjs,0.036103274154663086,0.0022054288176592894
2,65536,rand,3,ratio,1.0
2,65536,rand,3,max,32699.26,92.17038569952932
2,65536,rand,3,min,0.0,0.0
2,65536,rand,5,wzlpy,0.016450953483581544,0.0038706769448092256
2,65536,rand,5,minpy,0.022534956932067873,0.003814418011355972
2,65536,rand,5,jtbpy,1.0e9,0.0
2,65536,rand,5,wzljl,0.010869503400000001,0.0012750854261654114
2,65536,rand,5,minjl,0.011161781340000001,0.0011872770482485803
2,65536,rand,5,wzljs,0.032642246170043944,0.009247676259906279
2,65536,rand,5,minjs,0.04418624153137207,0.009859404264755773
2,65536,rand,5,ratio,1.0
2,65536,rand,5,max,31174.46,1814.2540965748915
2,65536,rand,5,min,0.0,0.0
2,65536,rand,10,wzlpy,0.10930147647857666,0.04122496547100919
2,65536,rand,10,minpy,0.13140248775482177,0.04676379643553343
2,65536,rand,10,jtbpy,1.0e9,0.0
2,65536,rand,10,wzljl,0.030106726799999997,0.00823816875735286
2,65536,rand,10,minjl,0.03400869454,0.009791880293807807
2,65536,rand,10,wzljs,0.2519861289215088,0.08918750064520047
2,65536,rand,10,minjs,0.27018649253845217,0.09128673938816882
2,65536,rand,10,ratio,0.96
2,65536,rand,10,max,8534.291666666666,6071.45916058508
2,65536,rand,10,min,0.020833333333333332,0.14433756729740646
2,131072,rand,3,wzlpy,0.02701775550842285,0.0005433484455763961
2,131072,rand,3,minpy,0.03877262115478516,0.0006917909751553511
2,131072,rand,3,jtbpy,1.0e9,0.0
2,131072,rand,3,wzljl,0.02025330716,0.0002809686233694009
2,131072,rand,3,minjl,0.020631474479999995,0.00023407315890404008
2,131072,rand,3,wzljs,0.057524153366088855,0.009301528826072646
2,131072,rand,3,minjs,0.08003374595642089,0.010552454782363595
2,131072,rand,3,ratio,1.0
2,131072,rand,3,max,65444.56,87.45334849658592
2,131072,rand,3,min,0.0,0.0
2,131072,rand,5,wzlpy,0.03157143115997314,0.004493502127789919
2,131072,rand,5,minpy,0.04231344223022461,0.004366466790274231
2,131072,rand,5,jtbpy,1.0e9,0.0
2,131072,rand,5,wzljl,0.021473635199999997,0.0014673309212140172
2,131072,rand,5,minjl,0.02190528004,0.0013766133567881984
2,131072,rand,5,wzljs,0.07407777717590332,0.013216308430417286
2,131072,rand,5,minjs,0.09708667816162109,0.0135204681064299
2,131072,rand,5,ratio,1.0
2,131072,rand,5,max,63705.0,1874.727278125258
2,131072,rand,5,min,0.0,0.0
2,131072,rand,10,wzlpy,0.23025614738464356,0.09794662345112903
2,131072,rand,10,minpy,0.2714554214477539,0.11893669993404969
2,131072,rand,10,jtbpy,1.0e9,0.0
2,131072,rand,10,wzljl,0.06268881932,0.01911448105150354
2,131072,rand,10,minjl,0.0716894119,0.02895024853517824
2,131072,rand,10,wzljs,0.5121422137451171,0.20762281993555426
2,131072,rand,10,minjs,0.5481645236968994,0.208064111515611
2,131072,rand,10,ratio,0.96
2,131072,rand,10,max,22052.333333333332,14681.743557443202
2,131072,rand,10,min,0.10416666666666667,0.472187455263057
4,16,rand,3,wzlpy,4.916667938232422e-5,6.816435092878756e-6
4,16,rand,3,minpy,6.582260131835937e-5,1.8981781254946915e-5
4,16,rand,3,jtbpy,0.005944881439208984,0.003174610253244157
4,16,rand,3,wzljl,2.734256e-5,1.4630319672320413e-6
4,16,rand,3,minjl,3.433658e-5,6.283763265685912e-6
4,16,rand,3,wzljs,0.00048253921508789057,2.656539285327847e-5
4,16,rand,3,minjs,0.0005930714416503905,0.00012438599169863583
4,16,rand,3,ratio,0.54
4,16,rand,3,max,0.8888888888888888,0.8915558282417285
4,16,rand,3,min,0.0,0.0
4,16,rand,5,wzlpy,5.63669204711914e-5,6.820824508495931e-6
4,16,rand,5,minpy,7.052421569824219e-5,2.3313725801090014e-5
4,16,rand,5,jtbpy,0.00648308277130127,0.005401556005904133
4,16,rand,5,wzljl,2.8591199999999998e-5,1.2353166825241408e-6
4,16,rand,5,minjl,3.483384e-5,7.387866766640602e-6
4,16,rand,5,wzljs,0.0005194228363037109,7.076084977261676e-5
4,16,rand,5,minjs,0.000615656967163086,0.0001295345192118796
4,16,rand,5,ratio,0.36
4,16,rand,5,max,0.1111111111111111,0.32338083338177726
4,16,rand,5,min,0.0,0.0
4,16,rand,10,wzlpy,6.838321685791015e-5,7.68223081998528e-6
4,16,rand,10,minpy,8.216381072998047e-5,3.0965877626812985e-5
4,16,rand,10,jtbpy,0.007377381324768066,0.005613174645206596
4,16,rand,10,wzljl,3.0356180000000005e-5,1.5588946331111855e-6
4,16,rand,10,minjl,3.562298e-5,8.700587243821358e-6
4,16,rand,10,wzljs,0.0005815367889404296,2.8085652573502725e-5
4,16,rand,10,minjs,0.0006607601165771485,0.00011994346265177635
4,16,rand,10,ratio,0.22
4,16,rand,10,max,0.0,0.0
4,16,rand,10,min,0.0,0.0
4,32,rand,3,wzlpy,6.337165832519532e-5,1.263503707298451e-5
4,32,rand,3,minpy,9.197235107421875e-5,2.3318181799318976e-5
4,32,rand,3,jtbpy,0.02535951614379883,0.008088820040341085
4,32,rand,3,wzljl,3.134006e-5,2.0164449258989625e-6
4,32,rand,3,minjl,4.252782e-5,6.95840052783068e-6
4,32,rand,3,wzljs,0.0004963771820068359,3.206153735128101e-5
4,32,rand,3,minjs,0.0006407807159423828,0.0001064217353721794
4,32,rand,3,ratio,0.72
4,32,rand,3,max,2.888888888888889,1.7853015396009682
4,32,rand,3,min,0.027777777777777776,0.16666666666666666
4,32,rand,5,wzlpy,7.965087890625e-5,1.2643741687893379e-5
4,32,rand,5,minpy,0.00010421276092529297,2.8852176482653674e-5
4,32,rand,5,jtbpy,0.030596251487731933,0.013060068103748901
4,32,rand,5,wzljl,3.3928300000000005e-5,2.141778064018353e-6
4,32,rand,5,minjl,4.230330000000001e-5,8.499449831534715e-6
4,32,rand,5,wzljs,0.0005747538757324219,8.328538258225413e-5
4,32,rand,5,minjs,0.0006769817352294921,8.88232050078537e-5
4,32,rand,5,ratio,0.48
4,32,rand,5,max,1.0416666666666667,1.2328534123049197
4,32,rand,5,min,0.041666666666666664,0.20412414523193156
4,32,rand,10,wzlpy,0.0001056671142578125,1.5493501792022988e-5
4,32,rand,10,minpy,0.00013116836547851562,5.239165970853589e-5
4,32,rand,10,jtbpy,0.056422610282897946,0.08651798718475388
4,32,rand,10,wzljl,3.814764e-5,4.421298939987512e-6
4,32,rand,10,minjl,4.367252e-5,1.2398959922213358e-5
4,32,rand,10,wzljs,0.0007262310028076173,0.00010897200410870334
4,32,rand,10,minjs,0.0007857674407958984,6.917334658815014e-5
4,32,rand,10,ratio,0.22
4,32,rand,10,max,0.09090909090909091,0.30151134457776363
4,32,rand,10,min,0.0,0.0
4,64,rand,3,wzlpy,7.854461669921875e-5,1.9506790032080286e-5
4,64,rand,3,minpy,0.00011631488800048828,3.1501390883264215e-5
4,64,rand,3,jtbpy,0.13102677822113037,0.02991904804550776
4,64,rand,3,wzljl,3.68053e-5,2.9318110322071286e-6
4,64,rand,3,minjl,4.99582e-5,8.05329168598728e-6
4,64,rand,3,wzljs,0.0005819478607177735,4.48196825084777e-5
4,64,rand,3,minjs,0.0007345214080810548,0.00010396072509079797
4,64,rand,3,ratio,0.72
4,64,rand,3,max,7.555555555555555,3.4512477614786095
4,64,rand,3,min,0.027777777777777776,0.16666666666666666
4,64,rand,5,wzlpy,0.00011417388916015625,2.577710784514699e-5
4,64,rand,5,minpy,0.0001605558395385742,5.349025983132319e-5
4,64,rand,5,jtbpy,0.1802816390991211,0.06515824760339917
4,64,rand,5,wzljl,4.382274e-5,4.862486521926654e-6
4,64,rand,5,minjl,5.5540999999999996e-5,1.2543491669599264e-5
4,64,rand,5,wzljs,0.000691968765258789,5.226891030525959e-5
4,64,rand,5,minjs,0.0008137639617919923,8.132163420536493e-5
4,64,rand,5,ratio,0.56
4,64,rand,5,max,2.5357142857142856,2.574549839934523
4,64,rand,5,min,0.03571428571428571,0.18898223650461365
4,64,rand,10,wzlpy,0.00016364574432373047,2.7674371687220864e-5
4,64,rand,10,minpy,0.00025711536407470705,0.00011902685306228895
4,64,rand,10,jtbpy,0.3337822151184082,0.3597487212236761
4,64,rand,10,wzljl,4.9881019999999994e-5,3.998756196874325e-6
4,64,rand,10,minjl,7.160456e-5,2.6539964818702367e-5
4,64,rand,10,wzljs,0.0009313906097412109,8.01143185287252e-5
4,64,rand,10,minjs,0.0010321680450439451,0.00010777841920472178
4,64,rand,10,ratio,0.42
4,64,rand,10,max,0.23809523809523808,0.768424485864545
4,64,rand,10,min,0.0,0.0
4,128,rand,3,wzlpy,9.001731872558594e-5,2.511009465901296e-5
4,128,rand,3,minpy,0.00014390945434570313,4.029062367135753e-5
4,128,rand,3,jtbpy,0.6540144491195679,0.2595350483664842
4,128,rand,3,wzljl,4.677054e-5,4.687889987956594e-6
4,128,rand,3,minjl,6.383176e-5,8.860413855815457e-6
4,128,rand,3,wzljs,0.0006411894989013672,5.605091145570855e-5
4,128,rand,3,minjs,0.0007913719177246095,6.802043890824986e-5
4,128,rand,3,ratio,0.88
4,128,rand,3,max,19.59090909090909,5.5502699780058125
4,128,rand,3,min,0.0,0.0
4,128,rand,5,wzlpy,0.0001728677749633789,4.3470453948290696e-5
4,128,rand,5,minpy,0.00026535511016845704,7.471322929382414e-5
4,128,rand,5,jtbpy,1.1731615829467774,0.24863439160136203
4,128,rand,5,wzljl,6.0937720000000006e-5,6.046500121220404e-6
4,128,rand,5,minjl,8.45507e-5,1.561874576773509e-5
4,128,rand,5,wzljs,0.000882261962890625,9.346727016905516e-5
4,128,rand,5,minjs,0.0010622418212890624,0.00011284329317584146
4,128,rand,5,ratio,0.78
4,128,rand,5,max,6.230769230769231,5.41664849991763
4,128,rand,5,min,0.02564102564102564,0.16012815380508713
4,128,rand,10,wzlpy,0.0002795553207397461,5.34573523806495e-5
4,128,rand,10,minpy,0.00040233612060546875,0.00017497163332249083
4,128,rand,10,jtbpy,2.898255982398987,4.674780298906248
4,128,rand,10,wzljl,7.597432e-5,6.903901279356625e-6
4,128,rand,10,minjl,0.00010402698000000002,3.776384816871549e-5
4,128,rand,10,wzljs,0.0012161370849609375,0.00014021491714614584
4,128,rand,10,minjs,0.001362715606689453,0.00015249653012653377
4,128,rand,10,ratio,0.4
4,128,rand,10,max,1.25,2.653200649067184
4,128,rand,10,min,0.0,0.0
4,256,rand,3,wzlpy,0.00012207508087158203,4.455691892714361e-5
4,256,rand,3,minpy,0.00018899917602539063,6.146548854338624e-5
4,256,rand,3,jtbpy,2.9862389945983887,1.5710103852231327
4,256,rand,3,wzljl,6.35162e-5,1.1030366898628866e-5
4,256,rand,3,minjl,8.386088e-5,1.4606705198668739e-5
4,256,rand,3,wzljs,0.0006540239715576171,0.00010144022728184564
4,256,rand,3,minjs,0.0008312715911865234,0.00011768486052340991
4,256,rand,3,ratio,0.94
4,256,rand,3,max,48.08510638297872,9.95605515390343
4,256,rand,3,min,0.0,0.0
4,256,rand,5,wzlpy,0.00027871131896972656,8.654579006667535e-5
4,256,rand,5,minpy,0.00043404579162597656,0.0001482995966182987
4,256,rand,5,jtbpy,7.5966919946670535,1.982881705558969
4,256,rand,5,wzljl,9.074662e-5,1.176955823887912e-5
4,256,rand,5,minjl,0.00012923622,3.16883737498439e-5
4,256,rand,5,wzljs,0.001033561019897461,0.00017662567883761857
4,256,rand,5,minjs,0.001249154586791992,0.00017936423439541356
4,256,rand,5,ratio,0.82
4,256,rand,5,max,17.78048780487805,11.617900402228344
4,256,rand,5,min,0.04878048780487805,0.21808478995509087
4,256,rand,10,wzlpy,0.0005486726760864258,0.00010760872827088589
4,256,rand,10,minpy,0.0008473539352416992,0.0002797795515679819
4,256,rand,10,jtbpy,2.0000013956109952e7,1.4142135422333807e8
4,256,rand,10,wzljl,0.00012469244,1.044364874498235e-5
4,256,rand,10,minjl,0.00019090912,6.119632214560423e-5
4,256,rand,10,wzljs,0.0021060591888427734,0.0003329071090590457
4,256,rand,10,minjs,0.002373728485107422,0.00032560997643130086
4,256,rand,10,ratio,0.56
4,256,rand,10,max,2.5357142857142856,5.022041364913225
4,256,rand,10,min,0.0,0.0
4,512,rand,3,wzlpy,0.00020807266235351563,6.355282572080974e-5
4,512,rand,3,minpy,0.00030397415161132813,8.129472035089163e-5
4,512,rand,3,jtbpy,1.0000001190768978e8,3.030457593561356e8
4,512,rand,3,wzljl,9.747663999999999e-5,1.485225677177357e-5
4,512,rand,3,minjl,0.0001216135,2.0255933245418666e-5
4,512,rand,3,wzljs,0.0007742599487304689,0.00015911226011214508
4,512,rand,3,minjs,0.0009586404418945312,0.00013576864986721002
4,512,rand,3,ratio,0.96
4,512,rand,3,max,105.04166666666667,16.44586002788354
4,512,rand,3,min,0.0,0.0
4,512,rand,5,wzlpy,0.0004780483245849609,0.00015379328504987964
4,512,rand,5,minpy,0.0006670713424682617,0.00016076176745192318
4,512,rand,5,jtbpy,8.200000037213968e8,3.8808792646810824e8
4,512,rand,5,wzljl,0.00014887471999999998,2.413756041224328e-5
4,512,rand,5,minjl,0.00019371510000000002,2.9164191192772196e-5
4,512,rand,5,wzljs,0.0014954048919677736,0.00040434634627161157
4,512,rand,5,minjs,0.0017498302459716796,0.0003180090428227516
4,512,rand,5,ratio,0.9
4,512,rand,5,max,48.84444444444444,20.846795650384475
4,512,rand,5,min,0.0,0.0
4,512,rand,10,wzlpy,0.0010898303985595703,0.00020010369795093146
4,512,rand,10,minpy,0.0016937494277954102,0.0006062764344350133
4,512,rand,10,jtbpy,1.0e9,0.0
4,512,rand,10,wzljl,0.00021554777999999996,2.0630719197935917e-5
4,512,rand,10,minjl,0.00035344818,0.00012480334600559165
4,512,rand,10,wzljs,0.0035838704681396484,0.0006296936173955264
4,512,rand,10,minjs,0.004005781173706055,0.000674518425817426
4,512,rand,10,ratio,0.62
4,512,rand,10,max,4.161290322580645,7.071523995073709
4,512,rand,10,min,0.0,0.0
4,1024,rand,3,wzlpy,0.00029868602752685546,8.277255695954935e-5
4,1024,rand,3,minpy,0.00042145252227783204,9.184834485351455e-5
4,1024,rand,3,jtbpy,1.0e9,0.0
4,1024,rand,3,wzljl,0.00014862288,1.77032264160047e-5
4,1024,rand,3,minjl,0.00017516043999999997,2.1950266748562788e-5
4,1024,rand,3,wzljs,0.0010037218475341797,0.00014324618584764695
4,1024,rand,3,minjs,0.0012546315002441406,0.00015224307051647117
4,1024,rand,3,ratio,1.0
4,1024,rand,3,max,230.28,20.46404512448951
4,1024,rand,3,min,0.0,0.0
4,1024,rand,5,wzlpy,0.0007414913177490234,0.00029690446855147785
4,1024,rand,5,minpy,0.0010170841217041016,0.0003988555073645367
4,1024,rand,5,jtbpy,1.0e9,0.0
4,1024,rand,5,wzljl,0.00023302582000000002,4.772316310559971e-5
4,1024,rand,5,minjl,0.00030932736,7.756504388346123e-5
4,1024,rand,5,wzljs,0.0019639485168457035,0.0006423657125676969
4,1024,rand,5,minjs,0.002307201080322266,0.0007136810175279589
4,1024,rand,5,ratio,0.96
4,1024,rand,5,max,123.70833333333333,52.587498851542584
4,1024,rand,5,min,0.020833333333333332,0.14433756729740646
4,1024,rand,10,wzlpy,0.002031841278076172,0.0004750148961401995
4,1024,rand,10,minpy,0.0030796146392822266,0.0009877532247282337
4,1024,rand,10,jtbpy,1.0e9,0.0
4,1024,rand,10,wzljl,0.00042545304000000006,5.389317932534957e-5
4,1024,rand,10,minjl,0.0006568632199999999,0.00020885190110183
4,1024,rand,10,wzljs,0.005692177047729492,0.0009170794644952145
4,1024,rand,10,minjs,0.006206216583251953,0.0008129953294492078
4,1024,rand,10,ratio,0.66
4,1024,rand,10,max,18.666666666666668,32.3203367350445
4,1024,rand,10,min,0.030303030303030304,0.17407765595569785
4,2048,rand,3,wzlpy,0.000557107925415039,9.670099360315766e-5
4,2048,rand,3,minpy,0.0007907533645629882,0.0001064141833523501
4,2048,rand,3,jtbpy,1.0e9,0.0
4,2048,rand,3,wzljl,0.00026824342,2.85775692387493e-5
4,2048,rand,3,minjl,0.00030065266,3.087334653433248e-5
4,2048,rand,3,wzljs,0.0014629640197753907,0.00019988953389963704
4,2048,rand,3,minjs,0.0018101116180419925,0.00026961013627683746
4,2048,rand,3,ratio,1.0
4,2048,rand,3,max,466.28,30.10257294583278
4,2048,rand,3,min,0.0,0.0
4,2048,rand,5,wzlpy,0.0011872482299804688,0.0004335969384396889
4,2048,rand,5,minpy,0.001539921760559082,0.00047929736671745426
4,2048,rand,5,jtbpy,1.0e9,0.0
4,2048,rand,5,wzljl,0.00041921224,8.844922078995036e-5
4,2048,rand,5,minjl,0.0004896889,9.981713990362986e-5
4,2048,rand,5,wzljs,0.002841405181884766,0.0010048178397702233
4,2048,rand,5,minjs,0.0032594828033447264,0.0010172018014663387
4,2048,rand,5,ratio,0.94
4,2048,rand,5,max,301.70212765957444,86.50833458052695
4,2048,rand,5,min,0.0,0.0
4,2048,rand,10,wzlpy,0.0035877132415771482,0.0010061604203232277
4,2048,rand,10,minpy,0.0054643011093139645,0.001832247011434819
4,2048,rand,10,jtbpy,1.0e9,0.0
4,2048,rand,10,wzljl,0.00082220214,0.00013348880383518068
4,2048,rand,10,minjl,0.00122616686,0.0003931191173997307
4,2048,rand,10,wzljs,0.00849427993774414,0.0013351093069980267
4,2048,rand,10,minjs,0.009512563400268556,0.0016690380213370422
4,2048,rand,10,ratio,0.76
4,2048,rand,10,max,50.21052631578947,62.82801832146221
4,2048,rand,10,min,0.0,0.0
4,4096,rand,3,wzlpy,0.0008811712265014649,8.987468876560233e-5
4,4096,rand,3,minpy,0.0012687206268310546,0.00010445095243513218
4,4096,rand,3,jtbpy,1.0e9,0.0
4,4096,rand,3,wzljl,0.00046713336,3.161828066732205e-5
4,4096,rand,3,minjl,0.00049793452,3.5305941841507625e-5
4,4096,rand,3,wzljs,0.002048471374511719,0.00027433933767239657
4,4096,rand,3,minjs,0.0025518361663818354,0.0002780164462977268
4,4096,rand,3,ratio,0.98
4,4096,rand,3,max,989.4081632653061,28.39448183431872
4,4096,rand,3,min,0.0,0.0
4,4096,rand,5,wzlpy,0.0019837236404418946,0.0008097531993025471
4,4096,rand,5,minpy,0.002579002380371094,0.0009039096574049266
4,4096,rand,5,jtbpy,1.0e9,0.0
4,4096,rand,5,wzljl,0.00077484456,0.00017285684210294498
4,4096,rand,5,minjl,0.0008646575200000001,0.00020542080867354075
4,4096,rand,5,wzljs,0.004992874755859375,0.001674958609689166
4,4096,rand,5,minjs,0.005608279266357421,0.0017122366818707632
4,4096,rand,5,ratio,1.0
4,4096,rand,5,max,663.54,166.37972428472534
4,4096,rand,5,min,0.0,0.0
4,4096,rand,10,wzlpy,0.006389803886413574,0.001724025272476891
4,4096,rand,10,minpy,0.010014200210571289,0.002818761018755606
4,4096,rand,10,jtbpy,1.0e9,0.0
4,4096,rand,10,wzljl,0.0015622551800000002,0.000252186715469336
4,4096,rand,10,minjl,0.00231651012,0.0005667691366235873
4,4096,rand,10,wzljs,0.013798327178955079,0.0033950075407752117
4,4096,rand,10,minjs,0.015605975036621094,0.0033082064820663523
4,4096,rand,10,ratio,0.84
4,4096,rand,10,max,123.92857142857143,155.02153947225668
4,4096,rand,10,min,0.0,0.0
4,8192,rand,3,wzlpy,0.0018282318115234375,0.0001574883422736087
4,8192,rand,3,minpy,0.002507009506225586,0.00013806743888704408
4,8192,rand,3,jtbpy,1.0e9,0.0
4,8192,rand,3,wzljl,0.0009299233200000001,5.574232865951427e-5
4,8192,rand,3,minjl,0.0009622739600000001,5.105044134049766e-5
4,8192,rand,3,wzljs,0.00415813003540039,0.0005254563594000485
4,8192,rand,3,minjs,0.005016743850708007,0.00047909156289834524
4,8192,rand,3,ratio,1.0
4,8192,rand,3,max,2005.12,41.37713062520781
4,8192,rand,3,min,0.0,0.0
4,8192,rand,5,wzlpy,0.003302931785583496,0.0011861156369619356
4,8192,rand,5,minpy,0.004184370040893555,0.001218726598522184
4,8192,rand,5,jtbpy,1.0e9,0.0
4,8192,rand,5,wzljl,0.00136692806,0.00028950369613695004
4,8192,rand,5,minjl,0.00145081882,0.0003083073300556913
4,8192,rand,5,wzljs,0.007863112869262697,0.0025469650685014185
4,8192,rand,5,minjs,0.008585031814575195,0.002467281427417164
4,8192,rand,5,ratio,0.96
4,8192,rand,5,max,1565.9583333333333,269.5567645056977
4,8192,rand,5,min,0.0,0.0
4,8192,rand,10,wzlpy,0.012719526290893554,0.0035907332241826876
4,8192,rand,10,minpy,0.017739095687866212,0.005769928748313005
4,8192,rand,10,jtbpy,1.0e9,0.0
4,8192,rand,10,wzljl,0.0031051745600000004,0.0005755438071701268
4,8192,rand,10,minjl,0.004204104980000001,0.0011210430494644123
4,8192,rand,10,wzljs,0.02616714416503906,0.006229703530824552
4,8192,rand,10,minjs,0.028118602447509772,0.005809994669131851
4,8192,rand,10,ratio,0.76
4,8192,rand,10,max,386.0263157894737,347.51709946979236
4,8192,rand,10,min,0.0,0.0
4,16384,rand,3,wzlpy,0.003279099464416504,0.00017478296630143054
4,16384,rand,3,minpy,0.0045908308029174805,0.00015329715388511835
4,16384,rand,3,jtbpy,1.0e9,0.0
4,16384,rand,3,wzljl,0.00185245334,5.4563466951615164e-5
4,16384,rand,3,minjl,0.0018970010799999998,5.5404678864838815e-5
4,16384,rand,3,wzljs,0.008400814437866212,0.00028818691954452246
4,16384,rand,3,minjs,0.010058078384399413,0.00048020725523570894
4,16384,rand,3,ratio,1.0
4,16384,rand,3,max,4047.82,35.84871272558657
4,16384,rand,3,min,0.0,0.0
4,16384,rand,5,wzlpy,0.006079030036926269,0.0024094993008722952
4,16384,rand,5,minpy,0.007602005004882812,0.0024621684942593104
4,16384,rand,5,jtbpy,1.0e9,0.0
4,16384,rand,5,wzljl,0.0026550129999999995,0.0005890596980583998
4,16384,rand,5,minjl,0.00275799994,0.0006175902014487655
4,16384,rand,5,wzljs,0.013775219421386717,0.004935275586894394
4,16384,rand,5,minjs,0.015639976654052735,0.005093157112573635
4,16384,rand,5,ratio,1.0
4,16384,rand,5,max,3347.48,497.96505245788865
4,16384,rand,5,min,0.0,0.0
4,16384,rand,10,wzlpy,0.027316532135009765,0.007045349586480793
4,16384,rand,10,minpy,0.03689343452453613,0.011125302421220614
4,16384,rand,10,jtbpy,1.0e9,0.0
4,16384,rand,10,wzljl,0.006506299339999999,0.000981019782521034
4,16384,rand,10,minjl,0.008304776759999999,0.0020774276135620867
4,16384,rand,10,wzljs,0.05170914649963379,0.008127460702298618
4,16384,rand,10,minjs,0.05563669883728028,0.00907121219051574
4,16384,rand,10,ratio,0.92
4,16384,rand,10,max,624.4347826086956,462.19344926238716
4,16384,rand,10,min,0.0,0.0
4,32768,rand,3,wzlpy,0.007142939567565918,0.00030092313744714224
4,32768,rand,3,minpy,0.00955636501312256,0.00021465061417306536
4,32768,rand,3,jtbpy,1.0e9,0.0
4,32768,rand,3,wzljl,0.00387365854,6.848609450791702e-5
4,32768,rand,3,minjl,0.00385889652,9.353766183871981e-5
4,32768,rand,3,wzljs,0.01308283332824707,0.00039453278380555395
4,32768,rand,3,minjs,0.01809269416809082,0.0004142225409531
4,32768,rand,3,ratio,1.0
4,32768,rand,3,max,8155.9,36.23294813580927
4,32768,rand,3,min,0.0,0.0
4,32768,rand,5,wzlpy,0.010391392707824708,0.0034624822518897567
4,32768,rand,5,minpy,0.013334841728210449,0.0035002894228928095
4,32768,rand,5,jtbpy,1.0e9,0.0
4,32768,rand,5,wzljl,0.00494159374,0.0008351479715102626
4,32768,rand,5,minjl,0.00494634722,0.00083175433009953
4,32768,rand,5,wzljs,0.02098855606079102,0.007260678381921965
4,32768,rand,5,minjs,0.026376726455688476,0.007378437439411768
4,32768,rand,5,ratio,0.98
4,32768,rand,5,max,7300.428571428572,666.2711535103408
4,32768,rand,5,min,0.0,0.0
4,32768,rand,10,wzlpy,0.057329959869384765,0.016500602378542648
4,32768,rand,10,minpy,0.07513712882995606,0.019633165293661655
4,32768,rand,10,jtbpy,1.0e9,0.0
4,32768,rand,10,wzljl,0.01336154364,0.002453839166722027
4,32768,rand,10,minjl,0.01657220698,0.0034701098381556563
4,32768,rand,10,wzljs,0.11417845458984374,0.026380199499346828
4,32768,rand,10,minjs,0.1276008080291748,0.02677600320283306
4,32768,rand,10,ratio,0.88
4,32768,rand,10,max,1594.4545454545455,1038.9851590261205
4,32768,rand,10,min,0.0,0.0
4,65536,rand,3,wzlpy,0.012264976501464844,0.0006899283635771373
4,65536,rand,3,minpy,0.017378087043762206,0.0004923221625783491
4,65536,rand,3,jtbpy,1.0e9,0.0
4,65536,rand,3,wzljl,0.007734875099999999,0.00010514966020387221
4,65536,rand,3,minjl,0.00793140622,0.00014336715430033158
4,65536,rand,3,wzljs,0.023956545944213866,0.00251607770610958
4,65536,rand,3,minjs,0.031227519531250005,0.002402677630580356
4,65536,rand,3,ratio,1.0
4,65536,rand,3,max,16325.86,53.52207631493031
4,65536,rand,3,min,0.0,0.0
4,65536,rand,5,wzlpy,0.017241392135620117,0.005602313471069146
4,65536,rand,5,minpy,0.022463884353637695,0.005520990826153829
4,65536,rand,5,jtbpy,1.0e9,0.0
4,65536,rand,5,wzljl,0.00918856884,0.0014021628431776152
4,65536,rand,5,minjl,0.00945017596,0.0013987956176012447
4,65536,rand,5,wzljs,0.03368478485107421,0.012198746439722125
4,65536,rand,5,minjs,0.04308265075683594,0.012999513889308647
4,65536,rand,5,ratio,1.0
4,65536,rand,5,max,15265.12,1062.072168653605
4,65536,rand,5,min,0.0,0.0
4,65536,rand,10,wzlpy,0.11053590297698974,0.03900359508219113
4,65536,rand,10,minpy,0.133423376083374,0.044581379892919125
4,65536,rand,10,jtbpy,1.0e9,0.0
4,65536,rand,10,wzljl,0.02909651034,0.007936807317024949
4,65536,rand,10,minjl,0.03326198302,0.009362814821475298
4,65536,rand,10,wzljs,0.25522835983276365,0.08533977727731121
4,65536,rand,10,minjs,0.27412089195251466,0.08555908193817773
4,65536,rand,10,ratio,0.98
4,65536,rand,10,max,4246.34693877551,2826.4863092349333
4,65536,rand,10,min,0.0,0.0
4,131072,rand,3,wzlpy,0.027701091766357423,0.0014859949467898434
4,131072,rand,3,minpy,0.03786857604980469,0.0009538542415255661
4,131072,rand,3,jtbpy,1.0e9,0.0
4,131072,rand,3,wzljl,0.01587748972,0.00019722002314177532
4,131072,rand,3,minjl,0.01633820978,0.00014580749597808602
4,131072,rand,3,wzljs,0.06236795989990235,0.007547732168146916
4,131072,rand,3,minjs,0.08355068527221679,0.006977413490213823
4,131072,rand,3,ratio,1.0
4,131072,rand,3,max,32726.7,41.59878824765776
4,131072,rand,3,min,0.0,0.0
4,131072,rand,5,wzlpy,0.031787080764770506,0.00491658552819782
4,131072,rand,5,minpy,0.04277871608734131,0.004696154575984641
4,131072,rand,5,jtbpy,1.0e9,0.0
4,131072,rand,5,wzljl,0.0170898163,0.0013813077628559143
4,131072,rand,5,minjl,0.0178230742,0.0013725668634041188
4,131072,rand,5,wzljs,0.07204012855529786,0.01118234897098529
4,131072,rand,5,minjs,0.09389295906066895,0.011554012992868847
4,131072,rand,5,ratio,1.0
4,131072,rand,5,max,31712.58,1100.6975726922506
4,131072,rand,5,min,0.0,0.0
4,131072,rand,10,wzlpy,0.2202080535888672,0.07577768402689755
4,131072,rand,10,minpy,0.2547672986984253,0.07990714567447664
4,131072,rand,10,jtbpy,1.0e9,0.0
4,131072,rand,10,wzljl,0.057826849199999995,0.014845972210895581
4,131072,rand,10,minjl,0.06573255246,0.017002340971629108
4,131072,rand,10,wzljs,0.49035029197692864,0.15819131267555395
4,131072,rand,10,minjs,0.5171967126464844,0.15540104395765544
4,131072,rand,10,ratio,0.96
4,131072,rand,10,max,10386.875,5597.902193033205
4,131072,rand,10,min,0.0,0.0
